2.01049
1.99749
1.99485
1.98398
1.99818
2.00364
2.00566
1.98762
2.01332
1.99988
1.98077
1.99742
1.99994
1.98762
1.99598
2.00949
1.99284
1.99573
1.9946
1.99617
2.00566
2.00578
1.98253
1.99309
1.99541
1.99962
1.99139
2.00899
2.01627
2.00672
2.00352
1.99215
2.00968
1.99102
1.98197
1.99296
1.99397
2.0061
1.98787
1.9919
2.01539
2.00352
1.99384
1.98995
1.98561
1.98762
1.99881
2.00295
1.99441
2.00943
2.00704
1.99805
1.98549
1.99328
2.00314
2.00176
2.00126
1.99981
2.01288
2.00616
1.98467
2.0071
2.00057
2.00723
2.01734
1.99617
1.99183
1.98536
2.00635
2.00553
1.9973
1.99786
1.99592
1.98121
1.98913
2.00515
2.00396
1.98492
2.00528
1.99786
1.99428
2.02161
1.99592
1.9929
2.00842
2.01263
2.00741
2.00616
1.99146
2.00182
1.99592
1.99378
1.99843
2.00031
2.00258
1.99039
2.00547
1.99868
1.98926
2.00672
1.99824
2.00484
2.01879
1.99742
2.00465
1.98693
1.99114
2.00207
2.00063
2.00207
1.99611
2.01112
1.99692
1.99579
1.99573
1.99893
1.99598
1.99315
1.99472
2.00547
2.00735
2.00566
2.02262
1.98624
1.99843
1.99127
1.99089
2.00352
2.00013
2.00107
2.00245
2.01451
2.01879
1.98825
1.99221
1.9995
2.01326
1.99158
1.988
2.00094
2.00792
1.99001
2.00641
2.02601
2.0164
2.00691
1.98731
2.00484
1.99177
2.00566
2.00616
2.00773
1.9946
2.00779
1.99629
1.98894
2.0005
2.00741
2.00239
2.00616
2.0203
2.00082
1.98731
2.0005
1.98524
2.01558
2.01464
2.00182
2.00075
1.99692
1.9924
2.00735
2.00163
1.99975
2.00031
2.0022
1.9885
2.01301
2.00842
1.9934
2.00383
1.99881
2.00446
1.9956
1.99642
2.00044
2.01238
1.99843
1.9978
2.01112
1.99089
2.00785
2.00044
2.00509
2.00339
1.9848
1.98454
1.98429
2.00126
2.00233
2.00145
2.00892
2.02061
2.00459
2.00899
2.00553
2.00302
1.99007
1.99328
2.01514
1.99227
2.00547
1.99523
2.00352
1.99365
2.0169
1.99755
2.00327
1.99435
1.99893
1.99548
1.98806
2.00251
1.98976
1.99969
2.00277
2.00754
1.99856
2.00201
1.9951
2.00785
1.99146
1.999
1.98599
2.01678
1.97952
1.99321
1.99479
2.01018
2.00327
2.01942
2.0164
1.99089
2.00289
1.99937
2.00434
1.9924
1.98718
2.00057
1.9929
2.00949
1.99611
2.00201
2.00107
1.99164
2.01879
2.01112
1.99724
2.00792
2.01552
2.00233
2.00107
2.00057
2.0044
1.99089
1.99215
2.00195
2.0054
2.00729
2.00207
1.97845
1.99937
2.00107
2.00176
1.99234
2.00993
1.99761
2.00691
1.99742
2.00987
2.00214
2.0054
1.99453
2.02111
1.99259
1.98568
1.98134
2.01137
1.98379
1.98674
2.01125
2.00936
2.00383
2.01954
2.0027
2.00873
1.99768
2.01376
1.98467
1.99516
2.00949
2.02438
2.01074
2.00547
1.99673
2.01709
1.98668
1.99642
1.99095
1.99818
2.0142
1.98706
1.99334
2.01288
2.01483
1.99089
1.99202
1.99692
2.00408
1.99365
1.98731
1.98706
1.9956
1.98693
2.00031
2.01433
2.01659
1.9919
1.98888
2.00132
1.99667
2.01376
2.00069
1.99303
2.02067
2.01056
2.00503
2.01232
1.97512
2.00729
2.01024
2.01031
1.99466
2.00873
2.00038
2.0049
1.99962
1.99962
1.99497
1.99089
1.99956
2.01125
1.99303
1.9912
1.99535
1.99761
1.98932
2.00496
2.01162
1.99944
2.00729
2.00999
1.999
2.00949
2.00126
1.99925
1.98178
1.99321
1.98957
1.99127
1.97832
1.99868
2.02187
2.00402
2.01364
2.00119
1.99849
1.99981
1.99089
1.99227
1.99397
1.98844
2.00672
1.99636
1.99592
1.98687
1.9912
1.9804
2.00647
1.9978
1.98857
2.00031
2.01753
2.00949
1.98743
1.98706
1.99284
1.98505
2.01024
2.00867
2.00641
1.98813
1.99611
2.01477
1.99541
2.00873
1.9983
2.00679
2.00314
2.00867
2.00038
1.99504
1.99698
2.00239
2.00013
1.99416
1.99623
1.98191
1.9924
1.99391
1.99617
2.00836
1.99321
2.0115
2.00302
1.99453
1.99585
1.99988
2.00735
2.01232
1.99611
1.99598
2.00861
1.99648
2.0076
1.99234
2.0044
2.00295
2.00861
1.99045
1.99931
1.99585
2.00327
2.00767
2.01282
1.99654
2.01502
2.01301
2.00654
2.01772
1.98762
2.00522
2.00038
1.99453
2.00258
2.01401
2.01433
1.98637
2.00811
1.9929
1.99944
1.98938
1.99944
1.99026
2.00346
1.99648
2.01156
2.00415
1.99535
2.00151
1.99837
2.01005
2.01583
1.98687
1.99925
2.00251
1.99629
1.98844
1.99359
1.99466
2.01037
1.9804
1.98769
1.99692
1.99579
2.00515
2.00176
1.99164
1.9711
2.01144
2.00672
1.99567
2.01301
1.98015
1.99372
2.00038
2.00069
2.00943
1.99673
2.01081
1.99227
2.00836
1.99611
1.98379
2.00069
2.01345
2.00855
2.01646
1.99133
1.99667
2.00421
2.00471
1.99768
2.01326
1.99994
1.99793
2.0017
2.01866
2.00993
1.99629
2.00251
1.99315
2.00327
2.01263
1.99698
2.00434
1.99579
1.99397
1.99887
2.00566
2.01904
1.99749
2.00641
1.9924
2.01012
1.98304
2.00145
2.01627
2.00509
2.00126
2.01916
1.9694
2.00245
2.00836
1.98568
2.00258
2.01634
1.99278
2.00101
2.00566
1.99686
1.99711
1.99252
1.98542
1.99711
2.00779
1.99937
1.98957
2.01395
1.9973
2.00754
1.99202
2.0159
1.99504
2
1.99164
2.01194
1.98838
1.99014
1.99768
2.00182
1.99171
1.99994
2.00339
2.00069
1.99818
2.01502
2.00233
1.99805
1.99466
2.00321
1.976
1.99661
1.98957
1.98787
2.00082
1.99742
1.99146
2.00031
2.01627
2.02319
2.00094
2.01445
1.99365
2.01646
2.00075
2.00119
2.01854
2.00245
1.98725
2.01841
2.00785
2.00672
1.99089
2.00616
2.00038
2.00547
1.99416
1.99303
1.99014
2.02469
1.99328
1.99529
2.0191
1.977
2.00503
1.9929
2.0098
2.01206
1.99636
1.9978
2.00308
1.99309
2.01565
2.01514
2.01345
2.00352
1.98398
1.99799
1.99969
1.99428
1.99692
1.99573
1.99422
2.01024
1.99692
2.00138
2.00993
1.99887
2.00044
2.00484
2.01087
1.99152
2.00817
1.98718
2.00628
2.00245
2.0017
1.98901
1.99278
1.99629
2.00528
2.00773
1.98838
2.00446
2.01294
1.98234
1.99698
1.99661
2.00396
1.999
2.01012
2.00578
1.99215
2.00943
2.01005
2.00584
2.00484
1.99516
2.00446
1.99711
1.9831
2.00396
1.99208
1.98542
2.00251
1.98844
2.00723
2.01137
2.00478
2.01879
1.98806
1.99447
1.98624
1.9978
2.01024
1.99705
1.99962
2.00911
2.00013
2.00792
2.01169
1.99152
2.01062
1.99969
2.00924
1.99058
2.01269
2.00446
2.00364
2.01068
1.99422
1.98354
1.999
1.98938
1.99491
2.00597
1.98618
2.00503
1.99642
1.99435
2.00704
2.00459
1.99812
1.9951
1.98894
2.00773
2.01408
2
2.011
1.99045
1.98084
1.99724
2.00101
2.01678
2.00063
2.01376
1.99409
1.99673
1.99309
1.99579
2.01835
1.99158
2.00905
1.99604
2.00811
2.00685
1.99975
2.00434
2.00314
1.99409
1.99592
1.99812
2.00987
2.00654
2.00126
2.00289
2.00295
1.99937
2.00415
2.01514
1.99202
2.00917
2.01257
1.99768
2.00817
1.9951
2.0093
1.9951
1.98875
1.99246
2.0115
2.00132
1.99918
2.00308
2.01112
1.99742
2.00358
2.00547
1.98926
1.99937
1.98624
1.99918
1.99108
1.99384
1.98285
1.99755
1.98976
1.99139
2.00251
1.98611
1.99604
1.99328
2.00522
2.00553
1.99026
2.00685
2.00842
1.99271
1.99893
2.0049
2.00107
1.99937
2.0039
2.0076
1.99768
2.00446
2.00622
2.00867
2.01602
1.99642
2.00427
2.00616
1.99698
1.98699
1.99611
1.99856
1.99774
1.98241
2.00069
2.011
2.00484
1.9897
1.98988
2.00559
1.99874
1.99567
2.02136
1.9968
1.9875
1.99466
1.99856
1.98718
2.01445
2.00402
1.99994
1.99981
2.01244
1.99127
2.00811
2.01244
1.99573
2.00371
1.99749
2.00635
2.00013
2.00415
2.00666
2.00126
1.98995
2.00446
2.01577
1.9956
2.00804
2.00151
2.00735
1.99749
1.98681
2.01533
1.99856
2.00823
2.01269
2.00452
1.99686
1.99742
2.00716
1.98844
1.99378
2.0093
2.01301
1.98838
2.0017
2.00434
2.00654
2.00314
2.01219
1.99761
1.98813
1.99761
2.02306
2.01395
2.0061
2.00616
2.00515
2.00698
2.00346
2.0022
2.00082
2.00163
2.00917
1.99372
2.00484
1.99491
1.9853
1.99686
1.99611
1.99001
2.01257
2.00654
2.00503
1.99058
2.00226
2.01031
2.00748
1.99252
1.99862
2.01049
1.99403
2.00465
2.0088
1.99749
2.00685
1.99843
2.01276
1.99692
1.99962
1.99705
1.98932
1.99642
2.00773
2.00189
1.99284
2.00427
2.00101
2.00899
2.01458
2.00277
2.00987
2.01024
2.00792
2.01087
1.98831
2.01382
1.98618
1.99409
1.98825
2.00427
2.01382
2.00622
1.99981
2.00723
1.98687
2.00408
2.00999
2.01866
2.01024
2.00446
2.01024
2.00974
2.00088
1.98687
1.99918
2.00503
1.99749
1.999
2.01552
2.00628
1.9951
2.01395
2.00402
1.9919
2.00961
1.98687
2.01502
1.9983
1.99698
1.99064
2.00138
1.98693
1.9968
1.99617
1.99893
2.00302
2.00654
2.00189
1.99026
1.98781
2.00408
1.99378
1.97763
2.0115
2.00157
1.98988
2.01715
1.98027
2.01458
2.01728
2.00308
2.00421
1.99554
2.00283
1.99705
2.00214
2.00452
2.00408
2.00459
2.00792
1.99579
2.00628
1.99076
2.00578
2.00321
2.00572
2.00911
1.9968
2.01175
2.00352
1.99435
1.99127
1.97437
1.99479
2.00873
2.0054
2.00899
2.02249
2.00063
2.00352
2.01037
1.98988
1.99252
2.00892
2.00308
1.9946
2.00113
2.0054
2.02218
2.01766
2.01131
2.00584
1.99014
1.99485
1.99108
1.99032
2.00886
1.98008
1.99328
1.98907
2.00748
2.01923
1.9978
2.00578
2.01219
2.01043
1.99812
1.99661
1.99573
2.0076
1.98291
2.00069
1.98769
2.02205
2.00578
2.00302
1.99102
1.99692
2.00446
2.00899
2.00584
1.99843
1.99906
2.00729
1.99969
1.9826
2.0098
2.00094
2.00019
1.99749
2.00157
2.0076
2.00333
1.99793
2.01401
1.99686
1.98988
1.99579
1.98555
1.98511
1.9973
2.0088
2.00201
1.99981
2.01213
1.98392
1.99278
2.00628
2.00993
1.98436
2.00628
2.00603
1.99604
2.00364
1.99667
2.00553
1.9897
2.00025
2.02482
2.00113
1.99611
1.98228
2.0039
1.98649
1.9924
1.99736
2.00214
2.00427
1.98706
1.99962
1.99108
1.99906
1.99648
1.99102
2.01137
2.00352
1.99887
2.00321
1.99278
2.00302
1.9995
1.99497
1.99648
1.98831
1.99843
1.99403
1.98995
2.00038
1.99108
1.99598
1.99472
2.00371
1.98995
1.9978
1.98863
2.00848
2.01081
1.99918
2.0039
2.01659
1.99403
1.99812
1.9946
2.01301
2.00157
2.00553
2.00157
1.99768
2.01213
1.99051
1.99717
2.00176
2.00176
2.00138
1.99554
1.98781
2.00339
2.0115
1.99661
2.00924
1.99516
1.99799
2.01131
1.98743
1.98134
1.98963
1.98901
1.99196
2.01024
2.00434
2.0125
1.99416
1.9951
2.01005
1.98316
1.99303
2.02143
2.00748
2.01024
1.99874
2.01495
2.00974
2.01257
2.00716
2.00189
2.00377
2.00603
2.01175
2.02149
1.98373
2.01068
1.99768
2.00245
2.00591
1.98278
1.99064
2.00804
1.99183
2.00603
1.99874
2.00735
1.98982
1.99692
2.00811
2.01269
2.00603
2.00704
1.98787
1.98611
1.99617
2.00471
1.99271
2.0186
2.00647
1.9875
1.99058
1.99874
2.00163
1.99548
2.01313
2.00176
1.98285
2.01106
2.00842
1.988
2.00672
2.0142
1.99874
2.00471
2.01156
1.99347
2.01238
1.99497
2.00101
2.01747
2.0027
2.01451
2.01527
2.01885
2.00616
2.01087
2.00201
2.00277
1.98756
2.00251
2.00572
1.99133
1.99673
1.9983
2.00622
1.98894
1.99994
1.99962
2.00283
2.00559
1.99529
2.00522
1.98699
2.00503
2.00723
1.9924
2.01464
1.98913
2.00377
1.99466
2.00082
2.00013
2.0098
1.988
1.99026
1.98787
2.00107
2.00138
1.98756
1.99717
2.01219
2.00427
1.98015
1.9951
1.98316
1.98605
1.98844
2.02513
2.00044
1.9885
2.0066
2.00899
1.99755
2.01081
1.9995
2.00829
1.99944
1.99937
1.99303
1.99365
1.99007
2.00566
2.00616
2.012
2.00704
1.99805
2.00434
2.02425
1.99856
2.01213
1.99032
2.02111
2.00936
1.99397
1.99466
2.02796
2.00817
2.00302
1.98574
1.99152
2.00685
1.99403
2.01395
1.99334
1.99391
2.00886
1.99724
2.00478
2.00616
2.01169
1.99504
2.01081
1.97631
2.00817
2.00961
2.00892
2.00471
1.99623
1.99133
2.00509
1.99661
1.99994
1.99868
2.00465
1.99912
1.99617
2.00019
1.99818
2.00251
2.00773
2.00415
2.00641
1.99988
2.0093
1.98875
1.99686
2.00233
2.0061
1.99692
1.99158
1.99862
1.98932
1.99309
1.98637
2.01194
1.98498
2.00057
1.99611
2.00107
2.00408
2.01401
1.98769
1.99768
2.02224
2.00195
1.99133
1.99535
2.01992
1.98988
2.00999
2
2.00584
1.9956
1.99837
1.99805
1.99592
1.98542
1.99447
1.99937
1.99724
1.98216
1.99252
1.98926
1.99705
2.0027
1.97845
1.98662
1.99164
2.00534
2.00201
2.00735
2.0054
2.00207
1.98813
1.99083
1.99378
1.99435
2.0022
1.98988
2.00792
2.00063
1.98988
1.99284
2.00163
2.00635
1.99171
1.98769
2.00402
1.99409
1.99642
2.0066
1.99453
1.9836
2.00924
1.98191
1.99372
1.99711
1.99422
2.00107
2.00163
1.99309
2.00666
1.97568
1.99309
1.99988
1.99944
1.99604
2.00126
2.00704
2.0017
1.99962
2.01395
1.98574
1.99988
2.00364
1.99755
2.00075
1.99805
1.99617
1.99742
2.00101
1.9848
2.00773
2.00679
1.9863
1.98379
2.02463
1.99598
1.98857
2.00528
2.00157
1.99523
2.02771
1.99893
2.00471
2.00082
1.99567
1.98882
2.00603
2.00597
2.00729
1.99692
2.00031
1.99114
1.99648
1.98913
2.01301
1.99171
2.00811
2.00088
2.0017
1.99642
2.00113
2.00214
2.00075
2.00038
2
2.00314
1.99171
2.00415
2.01445
2.01659
1.99573
1.99296
1.99026
2.00025
2.00635
1.99491
1.99133
1.99768
1.99774
2.00371
2.00917
2.0066
1.99724
1.99912
2.00308
2.00767
1.9907
2.01263
2.00452
2.00936
2.00723
1.99642
1.99755
2.01024
1.99893
2.00886
1.99849
1.99692
2.01269
2.00251
2.00063
2.00233
2.01156
1.99862
2.00584
2.00691
1.99529
1.99786
2.00471
1.99611
2.00094
2.01986
1.99516
2.01634
1.99535
2.00113
1.99202
2.00295
1.97977
1.9814
2.00691
1.99328
1.98825
2.01282
1.999
2.01301
2.00396
2.01602
1.99981
2.00201
1.98926
1.99252
2.00126
2.00207
2.00371
2.011
2.00773
2.01307
2.00597
2.00226
1.99793
1.99504
1.98071
1.99692
2.00936
1.99893
1.99705
2.00836
1.99296
1.99504
1.99648
1.98643
2.00258
2.00616
2.00421
2.0039
1.98461
1.99874
2.0061
1.99083
2.00886
2.01024
1.99686
1.99516
2.0061
1.99617
1.99215
2.00729
1.9924
1.99849
1.99824
1.99372
2.00641
2.00145
2.01031
1.99988
1.98341
2.00421
1.99114
2
2.00892
2.00478
1.99541
2.01269
1.99347
1.99516
2.00591
2.011
1.99818
2.00478
2.01709
1.98611
1.99328
2.00277
2.0169
2.00553
1.99654
2.00176
1.99058
1.99083
2.01408
1.99969
1.98027
1.98398
2.00735
1.99453
1.99548
1.9826
2.00019
1.98938
2.00936
2.00484
1.9946
2.00157
1.99259
1.9978
1.9995
1.99378
1.99617
1.99158
2.00107
1.9924
1.99567
1.97638
1.99391
2.01225
2.00427
1.99334
2.00132
2.00396
1.99774
2.00239
2.00785
2.0125
1.99472
1.99585
1.99466
1.98863
1.99667
2.01546
1.9912
1.99717
2.01181
1.9968
1.98863
2.00509
1.99504
2.01879
2.01118
1.99397
1.99259
2.00044
1.99045
2.00396
1.98542
2.00358
2.00597
1.99868
2.01175
1.99215
1.99812
1.98385
2.00113
2.0022
2.01653
1.99516
2.00396
2.00654
1.9863
2.01125
1.9863
2.00402
2.01514
1.98901
2.01514
2.00358
1.99768
2.00804
1.97901
1.99969
1.99409
1.99931
1.9968
2.01037
2.00264
1.98159
1.9995
2.01074
1.98417
2.00214
2.01615
1.98329
2.01734
1.99724
1.99384
1.99768
1.99309
2.00239
2.00308
2.0049
1.99774
1.99824
2.01627
2.01288
2.00911
1.99799
2.00088
1.98813
2.00729
1.98084
2.00452
2.00277
2.00195
1.99724
1.99347
1.99799
1.99887
1.99485
1.99014
1.98932
2.00584
1.99554
2.01502
2.00792
1.97989
1.99975
1.98586
2.00251
2.00346
1.99435
2.01294
1.99321
2.01653
1.98134
1.99466
2.03035
2.00189
2.00396
1.99573
1.98624
1.99742
2.00484
1.99315
2.00189
1.98869
2.00792
2.00088
2.00226
2.00377
1.99007
2.00069
2.00157
2.00741
2.00729
2.00955
2.00101
2.00547
2.00503
2.00377
1.99981
1.9983
1.99064
1.98894
1.98643
1.98888
2.00352
1.99912
1.99755
1.99793
1.99623
2.0098
2.00685
2.00855
1.99761
2.00119
2.00264
2.00251
1.99585
1.99862
1.99152
1.99724
1.99925
2.0054
1.99975
2.01313
1.99259
2.01414
1.99956
1.99579
2.00101
1.98769
2.00157
1.98869
1.99032
1.99661
2.00465
2.00145
2.00748
2.00264
1.97575
1.98285
2.01005
2.00063
1.99246
2.00911
2.00566
2.00603
2.00987
2.00999
1.99215
1.99648
2.00842
1.99278
1.98643
1.98033
2.0071
1.98769
2.0017
1.98574
2.00427
2.01621
2.00817
2.00189
2.00578
1.98907
1.99749
1.98951
1.99026
1.99604
2.00949
1.99623
1.99893
2.01967
2.01879
2.00886
2.01244
1.98687
2.00452
2.01219
2.00572
1.99604
1.99014
2.00961
1.99692
1.97726
2.00452
2.00691
2.00811
1.99768
1.99516
2.00283
1.98165
1.99359
1.99925
1.99975
2.00195
1.99146
2.00277
1.99774
1.99441
1.98278
2.00591
2.02802
2.00289
2.01439
2.00346
1.99422
2.00936
2.0115
1.99221
1.99202
1.9978
1.99604
1.99981
1.98662
2.01276
2.00584
2.00101
1.98938
2.00987
1.99548
2.00566
2.00691
1.98178
1.99793
1.98662
2.00289
2.00277
1.97983
1.99466
1.99114
2.00396
1.99416
1.98618
1.98574
1.98536
1.99617
2.00138
2.00327
1.99573
2.01049
2.00113
1.99673
1.97443
1.98875
2.01257
2.00157
1.99491
1.99303
2.01942
1.99598
2.01276
2.00949
2.0005
1.9897
1.99083
1.99171
2.00522
1.98542
2.01659
2.00396
2.00113
2.00302
2.00163
1.99761
2.00415
1.99906
1.99918
2.00616
2.00207
2.01288
2.0039
2.01382
2.00553
1.98486
1.9934
2.01389
1.99554
2.00006
1.99856
2.00672
1.99447
1.99893
1.99705
2.0005
1.98756
2.00591
2.00528
2.01678
2.01904
2.00364
1.99435
1.99692
2.01257
1.98266
2.01709
2.00038
2.00591
2.00396
1.99812
1.9983
2.00101
1.99541
1.9973
1.99479
1.97462
2.00289
1.99799
1.99994
1.99887
1.98015
1.97625
1.9956
2.00163
2.00233
1.99837
2.00478
2.00616
1.98831
2.00484
1.99912
2.0027
2.00163
2.00534
2.00057
2.00886
2.00251
2.01093
1.99485
1.99001
1.99768
2.00716
1.99485
2.00968
1.98787
2.01062
2.0005
2.01087
2.00358
2.00955
2.0061
2.00496
2.0088
2.01583
1.99893
1.99095
1.98473
1.99736
2.00666
1.99453
2.00459
2.0071
1.9929
1.99874
2.00559
1.99447
1.9912
2.01357
1.98995
2.00421
1.99372
2.00647
2.00622
1.99479
1.98963
1.99177
1.9885
2.01005
1.98574
2.00534
2.00214
1.99315
2.00748
1.99347
1.99409
1.98392
2.00314
1.98844
1.98863
2.01144
1.9951
1.99881
2.00006
1.99799
1.99956
2.00038
2.0039
1.99321
1.99925
1.99988
1.99623
1.99403
2.00063
1.99089
2.00654
2.01433
2.00415
1.99485
1.99686
2.0027
1.99567
1.99799
1.99749
2.00327
2.00666
1.99906
2.00943
1.99265
2.02275
2.00283
1.98957
2.00088
1.99956
1.97694
2.00478
1.98586
1.99183
2.00226
1.98027
1.99541
1.98819
1.99786
1.98731
2.0071
2.00647
1.99956
1.99485
2.00006
1.98524
2.00572
2.011
2.00773
2.00804
2.00943
2.00798
2.00333
1.99937
2.00233
1.99246
1.99956
1.99579
1.99127
2.00741
2.00371
2.00616
2.00748
2.00408
2.0017
2.00214
2.00101
1.97581
1.98103
1.98838
2.0022
2.011
1.98624
2.00119
1.99862
1.99139
2.0017
1.99548
1.99805
2.02174
1.97927
2.00333
2.00314
2.00528
2.0017
2.01206
1.99881
1.97682
1.99686
2.0066
2.00892
1.99994
1.99925
2.00597
2.00446
2.0066
2.01376
1.99824
2.00622
1.99912
2.01627
1.99724
1.97707
1.9978
2.00528
1.99548
1.99378
1.97612
2.00622
2.00578
2.01357
2.00289
2.00949
2.00333
1.99585
1.98725
1.99284
2.01074
2.00069
1.99567
2.02413
1.99981
2.00371
1.99252
2.02149
1.9973
1.98674
1.98605
2.01156
1.98813
1.98907
1.99504
1.99535
2.00647
1.98417
1.99453
2.00685
1.98951
1.99347
2.00547
1.98593
1.99378
2.01923
2.00836
2.00396
1.9983
1.99717
2.00723
1.99202
1.98316
2.00383
2.00182
1.99541
2.00848
2.00698
2.01269
2.00566
1.99548
1.98197
2.0147
1.99893
2.00258
1.99592
1.98027
2.00729
2.01414
2.00886
1.99196
2.00616
1.99654
1.99183
1.99667
1.99969
2.00635
2.01426
2.00427
1.98304
2.01194
1.99535
2.00038
2.0049
1.99146
2.00459
1.99485
2.00233
2.00452
2.00151
1.99956
2.00289
1.99975
2.00031
1.99856
2.00339
2.00823
2.01213
1.99171
1.99598
1.99208
2.00075
2.00685
1.99805
2.00578
1.98385
1.99083
2.00911
2.00157
2.00069
1.99881
2.01376
1.99529
2.01445
2.00132
2.00735
2.01294
2.00459
2.01276
1.98121
2.012
2.00233
1.99724
1.98894
1.99447
2.00402
1.99868
1.99598
2.0022
1.98907
1.9956
1.99472
2.00628
1.99874
1.99654
1.99856
2.01653
2.01646
2.00553
1.97738
1.9983
2.00327
1.99654
2.01426
2.0017
2.00691
1.98932
1.99661
1.99353
1.9995
1.99535
1.99391
1.98291
1.98662
1.97945
2.00339
1.99215
2.00383
2.00654
1.98869
2.00616
1.9924
1.9919
2.00327
1.98963
2.00478
2.00063
1.99353
2.00396
2.00283
2.00239
1.99466
1.98442
2.00779
1.9978
1.99485
2.01144
1.99925
2.00075
1.99585
1.99529
2.00446
1.99724
1.99397
2.00685
1.99435
2.00006
1.98366
1.99673
1.99874
1.9875
1.99039
1.99466
2.02363
2.01678
1.99698
1.98888
2.00987
1.99567
2.01351
1.99981
2.00427
2.00013
1.9968
2.00503
2.0164
1.96884
1.99428
1.98655
1.99372
1.99196
2.0061
2.01112
2.00195
2.00911
1.99139
1.99089
2.00578
1.97751
1.99887
2.00641
1.99409
2.00283
1.98976
1.99724
2.00239
2.01276
2.00327
2.00157
2.0071
2.0196
1.99177
2.00741
1.9907
2.00132
2.00553
2.00522
1.99271
1.99328
1.99416
1.98687
2.01671
1.99617
1.99786
1.99397
2.00804
1.98228
1.99221
1.97964
1.9907
1.9831
2.01106
1.99158
2.00748
1.99196
2.011
2.00597
2.00346
2.01263
2.01206
2.0142
2.01005
1.9924
1.99925
2.00553
1.99347
2.01313
2.0039
2.00672
1.98662
2.00075
1.9831
2.00214
1.99944
1.98454
1.99466
2.00987
2.01747
2.00503
2.00094
1.99548
2.00471
2.00006
1.99265
1.98857
1.98819
1.99717
1.99805
1.98605
1.99089
1.98932
1.98731
1.9951
2.00867
1.99893
1.99761
1.98976
1.98863
1.99472
1.99045
1.99698
2.00358
1.99579
1.99133
1.99956
2.00396
1.99152
1.99843
1.99667
1.99447
2.02494
1.99472
2.00264
2.00107
2.01162
1.99931
1.99278
2.00685
2.0076
1.98794
2.00672
2.00402
1.99359
2.00352
2.00321
1.99881
1.99837
1.98813
1.99673
2.01043
2.01162
1.99598
1.99692
1.9902
1.99768
2.00233
1.97776
2.01175
1.9934
2.00145
1.99083
2.01426
1.9956
2.00641
2.00383
1.99856
2.00968
1.98712
2.00044
1.9809
1.99064
1.99378
1.99975
2.01351
1.98794
1.99611
2.00647
2.00339
1.98976
1.99805
2.01879
1.99698
2.00899
2.00823
1.99724
2.01125
1.9875
2.00283
2.02011
2.01489
2.01326
1.99409
1.99372
2.00427
2.00289
2.01257
2.00069
2.00528
1.98712
2.00031
2.00138
1.9968
1.99956
1.99994
1.99868
2.01483
1.99906
2.00333
2.00471
2.00566
1.99673
1.9968
1.99321
1.98033
1.988
1.98668
1.9919
1.99654
1.99636
2.00295
1.988
1.98988
1.99328
1.9782
1.99089
2.01307
1.99278
2.00628
1.98831
1.9853
1.999
1.98536
1.98561
2.00892
1.99937
2.01068
2.01118
2.00628
1.99994
1.99667
1.99686
1.99133
1.99284
1.9912
2.0125
1.98831
2.01024
2.00321
1.99812
2.00302
1.99774
1.99705
2.01364
1.9929
1.99793
1.99868
1.96582
2.00214
2.00295
2.00314
2.01112
1.99705
1.99717
2.00917
2.01049
2.00251
2.00321
1.99196
2.00075
1.99378
2.00917
1.99422
1.99912
1.98059
1.99403
1.99453
1.98605
2.00936
2.01621
2.00094
2.00207
2.00961
1.99818
1.9919
1.97455
1.99918
2.00817
2.0098
2.00157
2.00716
2.00295
1.98681
2.00289
2.00955
1.9973
1.98366
1.97581
1.9995
2.00157
2.01244
2.02218
2.02394
2.01521
1.99435
1.9978
1.99309
2.00723
2.00258
1.98611
1.98731
2.00277
1.99937
1.99334
1.99032
2.00628
2.01395
2.00773
2.01024
2.00258
1.99969
1.99774
1.99051
1.99648
1.99768
1.99164
1.9995
1.99981
1.99234
1.99906
1.999
2.00258
1.99761
1.99686
1.99906
1.99133
1.99887
2.00358
1.99252
1.9885
2.0061
2.00094
1.99328
2.00654
2.00195
1.99918
2.01024
2.00245
1.99969
2.01037
2.00741
1.99761
2.00214
1.99114
1.97958
1.99208
2.00698
1.99799
2.01031
1.99956
1.99824
2.01232
2.01294
1.99918
1.99786
2.00025
1.99567
2.00371
2.00503
1.98932
1.99271
2.00339
2.00635
1.99485
2.01382
1.99409
2.00063
2.01565
2.00038
1.99466
2.01031
2.01395
1.99887
1.99227
1.99698
1.99742
1.98938
1.98944
1.99812
2.00685
1.99146
1.99227
2.00591
2.00823
2.0017
1.99774
1.99108
2.00691
2.00503
1.99824
1.98706
1.99303
1.98366
1.99541
1.99636
1.99554
2.00905
1.99158
2.00459
1.99956
1.99874
1.9863
1.99862
2.01156
2.01144
2.01671
1.99453
1.99736
2.00075
1.97179
2.01106
1.99994
1.99918
1.99824
2.00905
1.99611
2.00792
2.01081
1.98875
2.01024
2.02708
2.01389
2.00716
1.99711
1.98787
2.00371
2.00496
1.98517
1.99334
1.98913
2.00245
1.9983
2.02187
1.98706
1.99786
2.00101
2.00226
1.98963
2.01012
2.01464
1.97964
1.99146
1.9875
2.0054
2.00873
1.99215
2.00151
1.99981
1.99378
1.97971
2.00729
2.00471
1.99252
2.00201
2.00553
1.99007
2.00446
2.00295
2.0022
2.00258
1.99667
2.01389
2.00214
2.00484
1.98995
1.99837
2.01137
1.99535
1.99642
2.01382
1.99824
2.01389
1.98605
2.00553
2.00798
2.01797
2.00214
2.00031
1.99296
2.00333
2.01225
2.0076
1.99428
2.01068
1.99347
2.01194
1.98787
1.99962
1.9809
1.99912
2.01904
1.99818
2.00151
1.99736
2.00829
1.99661
1.99051
2.01005
2.01458
2.01382
1.98731
1.99416
2.00182
2.01081
1.97374
2.00352
2.0044
1.99774
2.00082
1.99215
1.99064
1.99805
2.00088
2.01301
2.0098
2.01332
2.01408
1.99755
1.99504
2.01376
1.99579
2.01477
2.00226
1.98813
1.99925
1.99259
1.99246
2.01979
1.99799
2.00189
1.99994
1.98637
2.00113
2.01169
2.00346
1.99686
2.00873
1.99108
2.00679
1.99642
1.99422
1.99541
2.01225
2.00157
1.99629
1.98687
2.00873
1.99824
2.00578
2.00352
1.98718
1.99265
2.0164
2.00452
2.00987
2.00867
1.99768
1.99673
2.00779
1.98278
1.99749
2.00993
1.99969
2.00735
1.98857
1.98121
2.0049
1.99014
1.99579
2.00748
1.99479
1.99862
1.99962
2.00999
2.00704
1.99215
1.9902
2.00861
2.00704
1.99636
1.99944
1.99497
2.00867
1.99378
1.98159
1.99786
2.01577
1.9983
2.01062
1.99585
1.99906
1.99887
2.00358
1.98951
2.00057
1.98247
1.99064
1.99611
2.00899
2.0039
1.99567
2.00465
1.98392
2.01087
1.98442
1.99102
1.99623
1.99818
2.01558
2.00635
1.99774
1.99284
1.99309
2.01257
1.99391
1.99497
1.99523
1.97845
1.98655
1.99064
2.00503
1.99453
2.00163
2.00132
2.0039
1.99208
1.98894
1.99441
2.00163
2.00811
1.98982
2.00616
1.99548
2.00214
1.99918
1.99554
2.00239
1.98637
2.01445
1.99818
2.00584
1.99912
1.98894
2.00905
2.0005
2.00735
2.00729
1.99007
1.9919
1.99698
2.00346
1.99347
2.00434
1.97908
2.01294
1.99541
1.9978
1.99862
2.00082
1.98191
2.01081
2.00829
2.00182
2.01213
1.98662
1.99742
1.99296
2.00892
1.99466
1.98511
2.01282
1.99742
2.00006
1.98008
1.99039
2.01382
2.01445
2.00785
2.00446
2.00258
1.99409
2.00333
2.00578
1.99246
1.99183
1.99623
1.99837
2.00145
1.99654
1.98234
2.00295
1.98926
1.98398
2.01357
2.00798
2.01112
1.98297
2.00465
1.99975
1.99365
1.99724
2.01005
1.98894
2.00057
2.00421
2.0125
1.98021
2.0017
2.0049
1.99912
2.00892
2.00088
2.00075
2.00547
1.99466
2.02004
2.00201
2.00025
1.99874
2.01615
2.00848
2.00025
1.99485
2.01257
2.01923
1.99359
1.99397
1.99818
1.98863
1.99202
1.99786
1.99171
2.01389
1.99849
1.99893
2.00088
1.99824
1.98203
2.00704
1.99774
1.99843
2.01539
1.99466
1.99975
2.00295
2.00584
1.99994
1.99479
2.0027
1.99278
1.98882
2.00534
1.97575
1.99504
1.99956
1.98813
1.9956
2.01445
2.00289
2.00892
2.00641
2.00679
1.98222
1.99755
1.99202
2.01181
2.00691
1.98241
2.01527
1.99686
2.00358
1.99887
1.99422
2.00654
1.98536
1.98995
2.00773
1.99975
1.99127
1.9902
2.00729
1.9946
2.00415
2.00647
1.99227
2.00101
2.00459
1.99686
1.98988
2.00151
2.00547
1.99227
1.99874
2.00069
1.98511
2.01502
1.9934
1.99988
1.99353
1.99441
2.00239
2.00107
1.99523
1.99906
2.00993
2.01451
2.00654
2.00666
2.0132
1.99711
2.01929
1.9912
2.00201
1.98995
2.00371
1.99479
2.00829
2.00817
1.98442
2.00584
2.00622
2.00019
2.00189
1.99617
1.98938
1.99749
1.9995
1.9885
2.0017
1.99548
1.9841
1.99623
1.97606
1.99937
1.99636
1.99516
2.01753
2.01056
2.01225
1.98385
2.00101
2.0022
1.98027
2.00955
1.99786
1.99598
2.00233
2.01734
1.99862
2.01401
2.01062
1.99981
2.00126
1.9924
1.99026
1.99849
2.00534
2.00132
1.99529
2.00057
2.00559
2.00364
2.01382
2.01037
1.99479
2.00465
2.01181
1.99504
2.00031
2.01659
2.0066
1.98787
1.99485
1.9848
1.98693
2.02784
1.99893
1.99937
2.00811
2.01483
1.99278
2.00754
2.00283
2.00352
2.01508
1.99617
2.00572
2.00628
2.00496
2.00333
2.00459
1.99523
1.99026
2.00408
1.9951
2.00132
2.00396
2.02036
1.99504
2.02381
1.99874
1.99956
1.99648
1.99479
1.99246
1.99724
1.98938
1.99988
1.99435
2.00465
2.00917
2.00484
1.99981
1.99321
2.00358
2.00314
2.0115
1.99705
2.02871
2.00377
1.99158
1.99944
2.00968
1.99529
2.01891
2.00553
2.00006
1.9929
1.99837
2.00798
1.99535
2.00647
2.00176
2.01326
1.99102
1.98159
2.00829
2.00741
2.00735
2.00396
1.99416
2.02482
2.00647
1.9995
2.00226
1.99874
1.98825
2.00522
1.99862
2.01301
1.99441
1.99812
1.98649
1.98341
1.98982
1.99654
2.0027
2.00446
1.98285
2.00119
1.9995
2.00949
1.99479
2.01816
2.00936
1.98737
1.99994
2.01439
1.99234
2.01872
1.99912
2.02293
2.0132
1.99384
2.00207
1.99849
1.99761
2.00622
2.00861
1.99931
2.00987
2.00955
2.00113
2.00591
1.99774
1.99384
1.99164
2.01778
1.99567
2.00817
1.99529
1.98247
1.99453
2.00176
1.98392
2.01269
1.98517
2.00704
1.98555
1.99108
2.01615
2.01263
1.99636
2.00559
2.00321
1.99931
1.99868
2.01615
2.00132
2.00126
1.98379
1.99749
1.9978
1.99365
1.99453
1.98285
1.99592
2.01828
1.99466
1.99579
1.99592
2.00013
1.99347
1.99962
1.98392
2.00233
1.99654
2.00911
2
1.99636
2.0147
1.9983
2.00302
2.01112
1.99347
1.99133
2.00157
2.00452
1.99064
2.00641
1.99793
2.00094
1.99906
2.00943
2.00804
1.99441
2.01395
2.00138
1.99177
2.01087
2.01502
1.99535
2.00892
2.00088
2.00685
2.00302
2.00785
1.9934
1.98624
1.98649
2.0005
2.00308
2.00233
1.99164
1.99793
2.00785
1.98926
2.00182
1.99585
2.00006
2.00484
1.99403
1.98932
1.99673
2.00346
2.01313
2.01056
1.99014
1.99171
2.00364
2.00069
2.00082
2.00088
1.99629
1.999
1.98436
2.00842
2.00195
1.99447
2.01144
1.99347
2.01408
1.98442
2.01332
1.98963
2.00836
2.00873
1.99353
2.01018
1.99692
2.00176
2.00685
2.00603
1.98831
1.98781
1.99843
2.00591
1.99654
1.99887
1.99893
2.01031
1.97738
2.00264
1.97305
1.99472
2.0066
2.00672
2.02714
2.00679
1.99711
1.98944
2.00044
1.99479
1.98304
2.00107
2.0137
2.00886
2.00013
1.98599
2.00729
2.00339
1.98944
1.98077
2.02011
1.98857
1.99962
2.00427
2.00189
1.99447
2.0132
2.00132
2.0017
2.00716
2.01898
1.99108
1.99441
1.99661
2.0071
2.01156
1.99472
2.01502
2.0061
1.9956
2.00848
2.01081
2.00038
2.00798
2.01364
1.99039
1.99893
2.01012
1.99692
1.99812
2.00214
2.01376
2.00434
2.00057
1.99956
2.01728
1.98731
1.97989
2.0071
1.98901
1.99347
2.00848
2.01175
2.01181
2.00597
1.99083
1.99994
1.99604
2.00836
1.99629
1.9973
2.01062
2.01659
2.00597
1.99667
1.99246
1.98693
1.99083
2.01778
2.00748
1.99045
2.01031
1.99881
1.99686
1.99611
2.00233
2.01244
1.98285
1.99749
1.99944
2.00892
1.98285
1.99573
2.00421
2.0137
2.00038
2.00176
1.99234
2.00176
1.99303
1.99686
1.99761
2.00804
2.00723
2.0061
2.00138
1.99516
2.0039
1.99698
2.00767
1.99799
2.00075
1.99466
1.98153
1.99208
1.99774
1.99215
2.00132
1.98461
1.99108
2.00251
2.00239
1.99146
1.99805
1.98191
1.98976
2.01137
2.00936
1.99749
1.99969
2.00829
2.00471
1.99705
1.9907
2.00522
1.99083
2.00534
2.00729
2.00163
2.00704
2.01596
1.99881
2.01759
2.00415
1.99918
1.99089
1.9836
1.97939
1.99654
2.00113
2.00729
1.99918
1.99102
2.00057
1.99812
2.0066
2.00534
2.00126
1.99755
1.99303
1.99893
2.00842
1.99221
1.99447
2.01703
1.99661
2.00119
1.99931
1.9951
1.99014
2.00635
1.98938
2.00591
1.9951
1.99617
1.99271
1.98932
2.01502
2.012
2.00251
2.0071
2.00974
2.01722
2.00063
1.99334
1.99152
2.00968
2.01074
2.00597
1.98681
2.00704
1.98932
2.00528
2.00245
1.99051
2.02224
2.0049
2.00716
1.9831
1.99303
1.98919
2.01709
2.00094
2.01219
2.00704
1.9951
1.98938
1.9978
2.00427
1.99711
2.00817
1.99818
1.9875
1.99554
1.99183
2.01181
1.99215
2.00616
1.99768
2.00735
2.00195
1.99906
1.99265
2.00848
2.00804
2.00251
2.00025
2.0049
1.98756
2.0061
2.00421
1.98467
1.99956
2.00704
1.9902
2.01188
1.99095
2.00936
1.98618
1.98649
2.00233
1.99592
1.99102
2.00924
1.99824
2.01012
1.9755
2.00691
1.99504
1.99579
1.99868
2.00955
2.01426
1.99573
2.00955
1.99925
2.01282
2.00396
2.00949
1.99956
1.99303
1.97801
1.99906
1.99523
1.99441
1.99849
1.99422
2.00126
1.99862
1.9902
1.99234
2.01294
1.99548
2.01364
2.01697
1.99139
2.00704
1.9875
1.98291
1.98844
2.00358
2.00346
1.98033
1.98706
1.9983
1.9956
1.99604
2.00044
1.9968
2.02689
1.98687
2.00804
1.99246
1.99554
2.01074
1.99598
1.99347
2.00063
2.00873
2.00811
1.99642
2.00157
2.0054
1.9995
2.00804
2.00924
2.00836
2.00352
2.00867
1.97361
2.00867
1.99598
2.0054
1.9853
1.99523
1.98511
1.999
1.9924
2.00132
1.98926
2.00088
1.99573
2.00408
2.0076
2.00176
1.99523
2.00452
2.00258
1.99202
1.97443
1.98982
1.99252
1.99227
2.00848
2.01162
2.01169
2.01024
1.99271
2.00094
1.99504
1.99435
1.9924
1.99453
1.99981
1.9848
2.01351
1.9875
1.98781
2.00622
2.01351
2.00126
2.00006
1.99416
1.99805
2.01225
1.98963
2
2.0142
2.00823
1.98982
1.99874
2.00119
1.999
1.99384
2.00773
1.99604
1.99755
2.0017
2.00993
1.99717
2.00917
1.99309
1.9951
2.00892
1.9897
1.99378
1.99768
2.00189
1.99378
2.00427
2.00767
2.01037
1.99623
1.99491
1.99585
1.99535
2.00949
2.00113
2.00968
2.0071
1.99856
1.99428
1.98178
2.00434
2.00145
1.98963
1.99127
2.00101
2.00251
1.99202
1.98052
1.98944
1.99058
1.98957
1.9912
1.98524
1.99868
1.98712
1.99447
2.01288
1.98926
1.98561
2.00408
1.99874
1.99485
2.01464
2.00566
2.00785
2.00522
2.00025
1.99598
1.9956
2.00088
1.98524
1.99171
1.99692
1.99868
2.02099
1.98253
2.00402
1.99252
2.00207
2.00905
1.9924
1.99937
2.00138
1.98165
2.00434
1.98618
1.99611
2.00672
2.01288
1.9978
1.99472
1.99755
2.00107
2.0066
1.99554
2.00723
1.98593
1.99617
2.00132
2.01118
2.01351
1.99491
2.00289
2.00754
1.99365
1.99592
1.9929
2.00013
2.00245
2.00233
1.98172
2.0017
1.99636
1.99234
2.00069
1.98951
2.00741
1.99152
1.98844
2.00905
1.99353
1.98781
1.99089
1.99786
2.00421
1.99259
1.99485
1.98988
1.99918
2.00679
2.00679
2.00811
1.99931
2.0049
1.99837
2.0017
2.00201
2.01954
2.01056
1.98316
2.00396
1.99862
1.99108
1.99617
2.00371
1.99604
2.00961
2.00226
2.011
1.99774
1.99114
1.99479
2.00861
2.01954
2.00515
2.0061
1.988
1.99441
2.00245
2.00848
1.9929
1.99001
2.01615
1.99384
1.99384
1.99755
2.0054
1.99416
1.99409
2.00911
2.00402
1.99529
2.00842
1.99856
2.00233
1.99146
1.98938
1.99215
1.99981
2.00132
2.00163
1.99912
2.00685
1.99183
2.02249
1.99541
2.00779
2.00182
1.99403
1.99912
2.0044
2.00308
1.99516
1.99095
1.98197
1.98052
1.98272
2.01942
2.00873
2.00207
2.00829
2.00132
1.98913
2.01596
2.01056
2.00283
1.99259
2.01609
1.98988
1.99925
2.00346
1.98693
2.00785
2.0159
2.00597
1.99504
2.00214
2.0044
1.99127
2.00402
2.01414
1.99365
1.99158
2.00119
1.99265
2.01156
1.99278
2.00126
2.00622
2.00955
2.00189
2.00622
1.98907
1.98951
1.99139
2.01307
2.00716
2.00383
1.98857
1.98894
2.00917
1.98988
2.00716
2.01332
1.99227
1.99403
2.01219
1.98825
2.0049
1.99083
1.99504
2.00346
2.00107
1.99837
1.99705
2.00547
1.97983
1.98549
1.99585
1.9995
1.98561
2.01609
2.00258
1.9924
1.99234
2.00308
1.98913
1.99988
1.99472
2.00679
1.99573
2.00698
2.0066
2.00842
1.98932
2.00214
2.00044
2.00616
2.01062
2.00811
2.00924
2.01495
2.00704
1.99039
1.9863
1.98932
2.00006
2.00528
2.00132
2.00547
1.99466
1.99856
2.00936
2.00019
2.00804
2.00515
2.01408
2.00101
2.00019
1.98586
1.98857
1.99837
2.00277
2.00434
1.99598
2.00723
2.01018
2.01257
1.99673
2.00408
2.00138
2.0005
1.99441
1.99944
1.99064
1.99673
2.01031
1.9912
1.99397
2.00572
2.00528
2.00383
2.01282
1.99849
2.00496
2.00113
1.99567
2.0027
2.00578
1.9875
1.99881
1.99089
2.01678
2.00999
2.00057
2.00641
1.99504
2.00063
2.00295
2.00044
2.01194
2.00138
2.01426
1.99146
1.9951
2.02124
1.99837
2.01137
1.99127
1.99906
2.00873
2.00295
2.00163
2.00999
1.9968
2.00421
2.00773
2.00038
1.99466
2.00522
2.01439
2.00377
1.98706
2.00327
1.99284
2.00924
2.01037
1.99654
1.99881
2.01533
1.9934
1.99391
1.9929
2.00924
2.01188
1.99868
1.99089
2.00823
1.99504
2.00829
2.00886
2.00855
1.9951
1.99504
1.99654
1.97719
1.99051
1.99303
1.99372
2.02344
1.99409
2.00911
1.99504
1.9897
1.9973
2.01188
2.00654
1.98065
2.00716
2.01037
2.01627
2.00333
1.99881
2.02319
2.00019
2.00258
1.99717
2.00628
2.00283
2.01225
2.00855
1.98611
2.00189
1.9912
2.0054
2.00132
2.00817
2.00031
2.01433
1.98599
1.98059
2.00019
1.98913
2.0022
2.01715
2.00195
2.00377
1.99447
1.99868
1.99786
1.9951
1.9885
1.999
2.00773
1.98957
1.99246
1.98825
2.0147
1.99692
1.99805
1.99334
2.00704
1.988
1.99422
2.00704
2.01269
2.01659
1.99133
1.99133
1.99409
2.01074
1.99975
1.98982
2.01276
2.00264
1.99466
2.0071
2.00899
2.01005
1.9924
2.00842
2.00402
2.00189
2.00346
2.00025
1.99805
1.9929
1.99089
1.98944
1.99686
2.00195
1.9973
1.99529
2.0098
2.01043
2.01891
1.99384
2.00584
2.00452
1.9978
2.00101
1.99843
1.98379
1.99592
1.99554
2.01313
2.00785
1.99611
1.98247
1.99912
1.97656
1.9978
1.99654
2.00804
2.00088
2.00201
2.00101
2.00251
1.98643
2.02909
2.00767
2.00679
1.99089
2.00075
2.0147
1.98737
2.00176
2.00044
1.98354
1.99981
1.99937
1.99108
2.00572
1.99906
1.99617
2.00094
2.01583
1.9841
1.99768
1.99749
2.00233
1.9934
1.97876
1.99523
2.00239
1.98951
2.01338
1.99667
1.99573
1.99202
1.99422
1.99334
1.99837
1.99717
2.01238
1.99837
2.01797
2.0054
1.99874
2.00321
2.00553
2.00377
1.98084
1.9907
1.99805
2.00465
2.0125
2.01885
2.0076
1.99491
2.00321
1.9973
2.01024
1.9826
2.00484
2.00283
2.02275
1.99347
1.99874
1.98731
1.98932
2.00503
1.98913
1.97656
1.98938
2.01986
2.00829
1.99856
2.00553
2.01162
2.00503
1.99661
2.00679
1.98907
1.9946
2.00496
2.00804
1.97971
1.99944
2.00496
1.99654
2.0203
2.00698
1.98813
2.00829
2.00867
1.9919
1.99221
2.00471
1.99906
1.98982
1.99271
1.98894
1.99202
2.02136
2.00132
2.0061
2.00465
1.99409
2.00534
2.00157
1.99843
1.98674
1.98643
2.00207
1.99912
1.99818
2.00396
2.00779
2.0005
1.99535
2.00013
2.00201
2.00478
2.0049
2.01175
1.99692
2.01414
2.01495
1.99862
1.98681
2.02055
1.98586
2.00314
2.01709
1.9919
1.98819
1.98712
1.98951
1.99252
2.01338
1.99944
2.00572
1.99698
2.01031
2.00811
2.00572
2.00578
1.999
1.99969
2.00377
2.00572
1.98316
1.98191
2.00107
1.9853
1.99742
2.00917
1.99749
1.99384
1.99391
2.00006
2.01408
1.99868
1.99654
1.99139
1.99975
1.99654
1.98599
1.98599
2.00258
2.00239
2.00176
2.00182
2.01238
1.99353
2.0027
2.00195
2.00635
1.97952
1.99435
2.00421
1.99548
2.0005
2.00019
1.99654
2.00559
2.00415
2.00547
2.00251
2.00383
2.02048
1.99409
1.98354
2.0071
2.02275
1.99994
1.99592
2.00302
2.01137
1.99347
2.01665
2.0142
2.00679
1.99504
1.99711
1.99956
2.01533
2.0115
1.98988
2.00741
2.00308
2.00484
2.00716
2.01602
1.97751
1.98769
1.99453
1.98813
2.00025
1.99435
1.99365
1.99868
2.00471
2.00408
1.99347
2.00113
1.9912
1.99485
1.99611
2.00792
2.01269
2.00289
2.00182
1.99654
2.00641
1.99516
1.99428
1.98819
2.01062
1.9983
2.0005
1.99918
2.00101
1.99114
1.99384
1.99862
2.00289
1.99441
1.97393
2.00547
1.99717
2.00635
1.98982
1.98498
2.00503
1.98172
2.00251
1.99868
1.99479
1.98762
1.99127
2.00415
1.99227
2.00082
2.00855
1.99523
2.00057
1.99648
2.00145
1.98869
1.99956
1.99007
2.01307
1.98869
1.98593
2.0076
1.99755
2.00679
2.01602
1.9912
1.99422
2.01074
2.01565
1.99837
2.01615
2.0039
1.98756
2.00327
1.98756
1.99598
2.00038
1.97933
2.00019
1.9885
1.99523
2.00616
2.01891
1.99698
2.01043
1.97744
2.00999
1.99969
1.99441
1.98875
2.00132
2.00113
2.00987
2.00088
1.99309
1.98775
2.00572
1.99686
1.99252
1.99221
2.00289
2.0049
1.99554
2.02036
1.99051
1.99912
2.00478
1.9983
1.99975
2.00019
2.00358
1.99058
2.01426
2.01408
1.97594
1.99812
1.9841
2.00534
2.00748
2.00779
1.99347
2.00207
1.99786
2.00427
2.01049
2.00107
1.99661
1.99768
1.98392
1.99937
2.00082
2.00233
1.99403
1.99491
2.00452
1.99611
1.99045
1.98165
2.00371
1.99944
1.99749
2
2.01376
1.99648
2.00804
1.98021
2.01018
1.99686
1.99007
1.98329
2.00119
1.99321
1.99315
2.00968
2.01533
2.02237
1.99309
1.99064
2.00754
1.99887
2.00289
2.00346
1.99391
2.0093
1.98938
1.9924
1.99868
1.99944
2.01232
1.99447
2
2.01043
2.00289
1.98938
2.00641
2.00654
2.0027
2.01546
1.9956
2.01219
1.99749
2.00163
1.99981
2.00151
2.00251
2.01778
1.99177
2.01376
2.01565
2.0066
1.99183
1.99416
1.97543
1.99152
1.99234
1.99837
2.00377
2.02136
2.00333
1.99705
1.98894
2.00195
2.00459
2.00792
2.00145
2.02061
2
2.00584
2.00314
2.00767
1.98492
2.00873
1.99234
1.99064
1.99761
1.99742
1.98699
2.00346
2.00704
1.98869
1.98549
2.00566
1.99523
2.00283
2.00094
1.9875
2.00842
1.9956
1.99686
2.00352
2.0181
1.99906
1.98963
1.99278
2.00277
1.97996
1.9983
2.00641
2.00792
2.023
1.99862
2.00189
2.01087
1.99994
1.99523
1.9995
2.01018
2.00679
1.9907
2.01565
1.99183
1.99994
2.02545
1.99761
2.00559
2.00886
2.00295
1.98366
2.00848
1.99824
2.00057
2.00785
2.00107
2.00823
1.99014
2.01282
2
1.98995
2.00321
1.99032
2.00226
2.01634
2.01175
1.99541
1.99667
2.00503
1.99724
1.9995
1.99962
1.98379
1.98605
1.98806
1.99925
1.99937
1.99786
1.99812
1.99221
1.98234
2.00333
2.01068
2.00377
1.99962
1.99504
2.01326
1.99227
2.01156
2.01577
1.99466
1.99026
1.99749
2.01301
1.98536
2.01137
1.98442
1.99001
2.01495
2.00044
2.00723
2.00434
1.99673
2.00277
1.98172
2.0076
2.00522
2.01967
2.00597
1.99108
1.98762
2.00911
1.98115
2.00955
1.99479
1.99862
1.99485
2.0027
2.00132
2.00057
2.01188
1.99673
2.00226
1.98963
2.01364
2.01759
2.0071
1.98718
1.99152
2.0044
1.99579
2.00578
2.01018
1.9907
1.99585
2.00264
1.98674
2.00157
2.00478
2.00126
2.00471
2.00616
1.99208
1.98869
1.98392
1.99051
1.99196
2.0132
1.99026
1.98888
2.00955
2.00302
2.00754
2.00873
1.99485
2.00408
1.99711
1.99271
1.98574
1.99856
1.99441
2.00226
1.98222
1.99642
1.97518
1.9831
2.01803
1.98348
2.00201
1.99818
1.9929
1.99849
1.99321
1.9919
1.99095
2.00987
1.99497
1.99523
2.00163
2.01074
2.01175
2.0022
1.98329
2.01263
2.00484
1.97839
2.00509
1.99793
1.99837
1.99925
2.00371
1.99384
1.99089
1.99837
1.99102
1.99447
2.00308
1.99146
1.99749
1.99516
2.00258
2.01087
1.99592
1.9929
2.02124
1.99328
2.00792
2.0147
1.99491
2.00566
1.99642
1.99611
1.99962
1.98919
2.00333
2.01703
2.00603
2.00899
1.99083
1.99164
2.01068
1.98555
1.99328
1.99912
2.00302
1.99378
1.99177
2.01106
2.01018
1.99259
1.99347
1.99466
2.00189
1.99642
1.98536
2.0039
2.00107
2.00214
2.00415
2.01031
1.98957
1.9836
2.00383
2.00019
2.01162
2.00465
1.99673
1.99698
1.99278
2.00226
1.99215
1.98882
1.98316
2.00201
1.99485
2.00886
2.01364
2.00082
2.01301
2.012
2.00723
1.99479
1.99667
2.01514
2.00735
1.97311
1.98442
2.01401
1.99604
1.99956
2
1.98875
2.00735
2.00547
2.00691
1.99334
1.99944
1.98875
2.00157
1.98813
2.00628
2.01835
2.00434
1.99051
2.01037
2.01106
1.99742
2.01508
2.0027
1.99692
2.01276
2.00672
2.00842
2.00484
2.00258
2.01005
2.00446
1.99988
1.9912
1.99183
1.99944
1.99215
2.00063
1.99108
2.01043
1.99793
1.98718
2.00679
2.00189
2.0022
2.00943
2.00785
2.0093
2.01093
2.00025
1.99868
2.00666
1.98681
1.97996
1.99585
2.00867
1.99215
2.00691
1.99102
2.00302
1.9765
2.01495
2.00553
2.00283
2.01232
1.99045
1.98379
1.99906
2.00685
2.01068
1.9924
2.00892
2.00145
1.99868
2.0017
1.99654
2.00201
2.00057
1.98756
1.98568
2.00503
1.98655
1.98015
2.00063
2.0044
1.99007
1.99761
1.99617
1.99158
2.01181
2.01106
1.99931
2.0181
2.00647
2.01206
1.99793
1.99636
1.98423
1.99912
2.00308
2.0022
2.00371
1.99673
2.00817
1.98699
2.00151
2.00195
2.01854
1.99353
1.98963
2.00013
1.99661
2.00333
1.99654
2.01502
1.99391
1.99114
2.00113
1.98699
2.0061
2.00566
1.98234
1.99956
1.99365
1.99654
1.99441
1.99654
1.99837
2.0027
2.00364
1.99912
1.98234
1.99328
1.98436
2.00829
2.01024
2.00082
1.99786
2.01772
1.99278
1.99051
1.99975
2.00459
2.01558
2.00245
2.01162
2.00566
1.99629
1.99353
1.99064
2.00163
1.98743
1.99874
2.01451
1.99837
2.00069
2.00371
1.98712
1.99435
1.99749
1.99994
2.01326
2.00848
2.01112
1.99416
2.00025
2.01571
2.00496
1.98932
2.01357
2.0088
1.98838
2.0049
2.0066
1.99667
1.99403
2.00119
1.99686
1.98794
2.00233
1.99045
1.98894
1.98153
1.99202
1.99466
2.00716
1.98976
2.00748
2.00867
1.99868
1.99397
1.98857
2.0137
1.98762
1.99918
2.01131
2.00321
2.00515
2.01433
1.99378
2.0137
2.01219
2.00063
1.98637
2.00679
1.99045
1.99812
1.98536
2.00233
2.0022
1.99076
2.00308
1.98775
2.00427
1.98737
1.98907
2.00584
1.99428
1.98831
1.98517
1.99529
1.99937
2.00113
2.02363
1.99874
1.99862
2.01238
2.00471
2.00817
1.99403
2.01112
2.00044
2.00685
2.00031
1.98536
2.01408
1.99095
2.00471
2.01408
1.99278
1.99259
1.9919
1.98963
1.99453
1.98731
1.99403
2.00415
1.99064
1.99642
2.00873
1.99585
2.00993
1.99334
1.99661
1.98618
1.97839
2.0071
2.00094
2.0049
1.99969
1.9848
1.98762
2.01118
2.00132
1.99403
1.99466
1.98655
2.00955
2.00899
1.98297
2.00226
1.99736
1.99032
1.99692
1.99906
1.98762
2.01206
2.00842
2.01659
1.98718
1.99535
2.00434
1.98398
1.99215
2.00201
2.01219
1.97537
1.99742
2.01521
2.0093
1.98178
1.99416
1.99598
1.99585
2.00434
2.00396
1.9853
1.99648
1.98888
1.99667
1.99969
2.00848
2.00226
2.01031
1.99045
2.00478
1.99567
2.00038
1.99793
1.98932
2.01841
2.00899
2.01225
2.00289
2.00251
2.00792
2.00377
2.00685
2.00245
2.00189
1.99026
2.00679
2.00233
1.99975
2.00785
2.00452
2.01194
2.0039
2.01162
1.9919
2.01169
1.99114
2.01351
1.99592
1.99303
1.99171
1.9858
1.99328
2.00672
1.99981
1.98285
1.97556
1.99956
1.97989
2.00968
1.99837
2
2.01759
1.99504
1.99309
1.99252
2.00597
2.00446
1.99604
1.99535
2.00251
2.00704
2.00685
2.00151
1.98668
1.99183
1.98725
2.0132
1.98662
2.01037
2.00327
2.00138
1.98329
2.01169
2.01426
1.99441
1.99441
2.00484
1.99824
1.99441
2.00528
1.99164
2.00207
2.00974
2.00151
2.00679
2.00258
1.98574
1.99893
1.99887
2.00434
2.00961
1.99592
1.98913
2.00314
1.9968
2.00038
2.00258
2.00182
1.99227
2.02118
2.00364
2.01502
1.99315
2.00961
2.01916
1.99629
2.00855
2.0098
2.0098
1.99812
2.01426
2.01332
2.01087
2.00132
1.99981
2.00641
1.99516
1.98706
2.00597
2.00553
2.00515
1.99981
2.01043
2.01521
1.99321
1.99158
2.00038
2.00817
2.00421
2.01345
2.00754
2.01131
2.0088
2.01037
2.00063
2.00685
2.00522
1.97235
1.99064
1.99227
2.0022
1.98888
2.02652
2.01747
1.99755
1.99988
2.0049
1.99818
1.99742
1.99573
2.00019
1.98486
2.01307
2.00321
2.00377
2.00327
2.00013
2.00408
1.99259
1.99541
2.00201
2.00019
1.98951
2.00691
1.99617
1.99221
1.99045
2.00515
1.99824
2.01433
2.02413
2.00591
1.99315
2.00698
2.00364
1.99529
1.99359
1.98542
2.00189
1.99158
2.00873
1.99629
1.99554
2.00251
1.9951
2.00302
1.99014
2.00949
2.00088
2.00654
1.98429
2.00792
1.99969
1.99303
1.99585
1.99516
2.01037
1.99183
2.00836
1.99874
2.0044
2.0049
1.99535
1.99479
1.99177
1.98762
2.00987
1.98932
1.9863
1.99007
1.99988
2.00968
1.99623
1.99491
2.01722
1.99717
1.99661
2.00685
1.99102
2.00157
1.99585
1.99636
2.00465
1.99805
1.99083
2.00434
1.99378
1.99491
1.99215
1.99152
2.0137
1.98844
2.0049
2.00873
1.99818
2.00434
2.00075
2.01313
2.01225
1.97964
1.99372
2.00327
1.99479
2.01194
2.01904
1.99183
1.98467
1.99014
1.98875
2.01747
1.9934
2.00258
2.01753
1.99045
2.00308
1.99881
2.00572
1.99208
2.00471
1.99673
1.99315
1.99391
1.99579
1.98165
1.99259
1.99158
2.00427
2.00157
2.00088
1.99931
1.9912
1.99051
2.00735
2.00647
1.99956
1.9924
2.00654
1.99774
2.00559
2.00459
1.99944
2.00233
1.98536
2.01433
1.99931
1.98825
1.99479
2.00119
2.00264
1.99479
1.99617
2.00829
2.00346
2.01206
2.00842
1.97418
2.00025
1.99447
1.98568
1.98228
1.99146
2.00647
1.99554
2.00622
2.00748
1.98687
1.98511
1.99698
1.99447
2.00396
1.99944
1.99076
1.98901
2.00654
2.00396
2.00364
2.01081
1.99648
2.00698
1.9897
2.01062
1.99843
1.98794
2.00547
2.00031
1.99881
2.01037
2.00471
2.00603
1.99774
2.00434
1.99642
1.99384
2.00308
2.01282
1.99692
2.00251
1.98831
1.988
2.00886
1.99039
1.99598
2.00798
1.9983
2.00421
1.99805
2.00038
1.98951
2.00214
1.99403
2.00358
1.99202
1.98988
1.98341
2.00019
2.00459
2.00716
2.00383
2.00647
1.98555
1.98831
2.00509
2.00842
1.98863
1.99793
2.00013
2.00459
2.01137
2.0061
2.00987
2
1.98951
1.99516
2.0169
1.99579
2.00233
2.0005
1.9995
1.9863
2.01194
2.00207
2.0071
2.0142
2.00578
1.99523
2.00974
2.01709
1.99812
2.00672
1.99893
1.98687
1.99158
2.00358
1.99139
1.99636
2.01156
2.0039
1.98542
1.99667
1.99944
1.98492
1.99868
1.98492
1.99862
2.00691
2.00421
1.99391
2.00641
2.01024
2.00327
1.99453
2.00333
1.99441
2.01816
2.00484
1.9995
2.00804
2.01263
2.00867
1.99837
2.00911
2.01093
1.98253
1.98203
2.00999
1.99554
1.99491
1.99925
1.98674
2.00031
1.99906
1.99529
1.98737
2.00704
1.9978
2.01024
1.99058
1.99629
1.9995
2.00119
2.00716
1.99698
1.97581
2.00101
2.00151
1.98756
2.01948
2.00214
2.00069
2.00484
2.01866
1.99881
2.02118
2.01389
2.00082
2.00616
2.01144
2.00264
1.98536
2.00754
1.99654
2.00886
2.00974
2.00666
2.01389
1.99818
2.02532
2.01489
2.01401
2.00163
2.02036
1.9956
2.01709
2.00446
2.00226
1.98228
2.00339
2.00899
2.02212
1.98662
2.00295
1.99642
1.99724
2.01847
2.01181
1.97468
1.99636
1.99981
1.99479
2.00101
2.01659
2.01257
2.01571
2.01464
2.00578
1.98725
2.00522
2.00302
2.00119
2.00038
1.98963
1.999
1.99265
2.00779
1.98718
2.00126
1.98172
2.00189
1.99598
2.00057
1.98511
1.99315
2.01232
2.00798
2.00698
1.99793
2.00057
1.99045
1.99786
1.99321
2.00459
1.99177
2.00509
2.01734
1.99774
1.98693
1.99435
2.00151
1.9956
1.999
2.00339
1.98907
1.99799
2.00107
1.97204
1.99654
1.99529
1.9885
1.99617
2.00584
1.99686
2.01049
2.00251
2.00006
1.99548
1.99428
1.98272
2.00446
1.99642
1.99818
2.00057
2.00842
2.0027
1.99931
2.00949
1.98278
2.00182
2.00955
2.01709
1.99724
2.00698
1.98574
1.99988
1.988
1.99372
2.00107
2.00195
2.01005
2.00679
2.00924
2.00654
2.00955
1.98932
2.00905
2.00691
2.00829
2.00798
1.98316
2.00685
1.99604
2.00773
1.98278
1.98392
2.0071
2.01709
2.0005
1.99761
1.98335
2.00226
2.00666
2.0093
1.97204
1.99912
1.99755
1.99742
2.00207
2.01043
2.00509
1.99208
2.00943
2.00377
2.00622
2.00616
1.9983
2.01118
2.0054
1.99271
1.99629
1.99849
2.01558
2.00302
1.99416
2.00716
1.99359
1.98963
2.01326
2.00779
2.00691
2.00471
2.00515
1.98725
1.99479
1.98857
2.0066
2.00666
2.00961
1.98668
1.99937
2.01112
2.00201
2.01847
2.00779
2.00666
2.00245
1.99799
1.99466
1.9934
2.00226
2.00126
1.97179
1.99937
2.01338
2.00748
1.99315
2.00691
2.00566
2.01024
1.99039
2.00434
1.98894
1.99849
2.0125
2.00214
2.00421
2.00126
1.99856
2.00955
2.00163
2.01338
2.00151
1.9973
1.99334
1.99416
1.99642
2.02017
1.98605
2.00685
1.99321
1.98976
2.00126
1.98995
2.0098
2.00377
2.00189
1.99849
2.01031
2.01131
1.99994
2.01866
2.01904
2.00597
1.99309
2.01056
1.99962
1.99812
1.99554
1.99849
2.00899
1.99504
1.99667
1.99334
1.98844
1.99579
1.99497
2.00107
1.98084
1.98429
1.99051
1.99617
1.98442
2.00584
1.99472
1.9902
1.99535
1.99786
2.00277
2.00264
1.98172
1.99931
1.98957
1.99705
2.0049
1.98888
2.00264
1.99095
2.00233
2.00352
2.00427
2.00421
1.99849
1.99692
2.00207
1.98668
2.00132
1.99724
1.99925
2.00968
2.00176
1.99755
2.00811
2.00553
2.00157
2.00006
1.99912
1.98963
1.9924
2.00974
2.00057
1.99994
1.99849
1.99397
1.99629
1.99636
2.00132
1.97864
1.99843
2.01998
1.99227
1.98335
1.9897
2.00999
2.00138
1.99956
2.00094
1.9978
1.98486
1.97336
1.9995
2.00031
1.97279
2.00603
1.99315
1.99309
2.01483
2.00107
2.00044
2.00471
2.01131
2.02174
1.99717
2.01715
1.999
1.99397
2.00057
2.0027
1.99384
1.99234
1.9919
2.00113
2.00861
2.00427
1.99567
1.9897
2.00754
1.99736
2.01024
2.01005
1.98366
2.00459
1.9885
1.99485
2.00396
2.00094
2.02004
1.98366
1.99453
1.99761
1.99309
2.00214
1.99114
1.99278
2.00779
1.97562
2.01043
2.00509
2.00019
2.00346
2.0093
2.00471
1.98611
1.99114
2.00251
2.023
2.00019
1.98731
1.99981
2.00741
1.99636
2.00911
2.00226
1.9863
1.98637
1.99793
1.98128
2.01118
2.01263
2.01389
2.01364
1.98046
2.00446
2.00075
2.0027
1.999
2.01364
1.99353
1.98693
2.02042
1.99384
2.00999
2.00126
1.988
2.00999
1.98335
2.00584
2.00685
2.01137
1.99874
2.00597
1.9897
1.99629
1.98366
2.00408
1.98467
2.00251
2.00509
2.01338
1.99416
2.00842
1.99749
1.99636
1.99397
1.99039
1.97883
2.01326
1.99849
1.99981
2.01439
1.99629
1.99617
2.00698
2.00704
1.99196
2.00044
1.99667
2.02048
1.99925
2.00421
1.99805
1.99937
2.01539
1.99585
2.01948
1.98624
2.01118
1.98687
1.99164
1.99623
1.98693
1.99472
1.99799
2.00408
1.97814
1.99485
2.00383
1.9983
1.9934
1.99686
1.99592
2.01313
1.99541
2.00157
1.99252
1.98875
1.99969
2.01118
2.00917
2.0066
1.98304
1.99334
1.99849
2.00465
1.99698
1.98304
1.99334
1.99108
1.99843
2.01791
1.99799
1.99007
2.01288
1.97449
2.00578
1.99403
1.99717
1.99485
2.00308
1.99592
1.98555
2.0049
1.98976
2.0044
1.99548
2.01703
1.9841
2.00157
2.00999
2.00251
2.00107
1.99409
1.99969
1.98882
1.99648
2.00471
2.01068
1.99491
1.98963
2.00333
1.99673
1.99234
1.98743
2.0088
1.9924
1.99768
1.99095
1.99962
1.99604
1.98316
2.01408
1.99164
2.00817
2.00126
1.99384
2.00572
1.99724
2.01539
2.00716
2.0137
1.99837
1.98115
1.99045
1.99962
1.99981
2.00239
1.99303
1.99365
2.00559
2.0098
2.00019
1.99372
2.01627
2.01759
2.01301
2.02092
2.01778
2.00138
1.99378
1.99334
2.00584
2.00572
1.99278
2.00741
1.99793
2.00886
1.99761
2.00792
2.00006
1.99152
2.00484
1.99334
2.00094
2.00672
2.00019
1.99862
1.99472
2.01301
2.0088
1.9983
2.00993
2.01206
1.99365
1.99673
1.9885
1.99956
1.99384
1.99636
1.9978
1.98655
2.00201
1.99523
2.00434
1.99328
2.01898
2.01194
2.00547
1.99303
2.01276
1.99686
1.98046
1.99843
1.99409
1.99887
1.99372
1.99592
1.98901
1.99912
1.98681
2.00239
2.00779
2.01301
2.00138
1.99661
1.99931
1.9804
2.00352
1.99032
1.99127
2.00685
1.9995
1.99585
2.00189
1.99164
2.00999
2.0071
1.99692
1.99227
2.00949
1.99956
2.00421
1.99428
2.00321
2.00842
2.00088
2.01031
1.99579
1.98366
2.01338
1.9919
1.99711
1.97883
1.99114
2.01181
2.01257
1.99805
2.0061
2.0022
1.98712
2.00038
2.00836
1.99227
2.00126
1.98919
1.99435
1.98932
2.00924
1.98429
1.98354
2.00371
1.99523
2.00075
2.00251
2.00723
1.99799
1.99497
1.99278
2.01596
1.99315
2.02023
2.00289
2.00031
1.97612
1.9951
1.988
1.9733
1.99309
1.99887
2.00729
2.00434
1.99158
2.01005
2.0066
2.00308
1.99479
2.0137
1.99384
1.99925
2.01885
2.00798
2.01257
2.00936
1.98731
1.98555
2.00245
2.00654
1.99793
2.00333
1.98021
1.98052
2.00346
2.00471
1.99152
1.9968
2.01056
2.00044
1.98655
2.01797
2.00189
1.99736
1.99749
1.99202
1.98605
2.01684
1.98316
2
2.00616
1.99768
2.00264
2.00698
2.00245
1.99906
2.00245
1.99717
2.00314
2.00044
2.00566
1.97845
2.00201
1.98869
2.00628
1.97989
1.9973
2.0098
1.98781
1.99202
1.99793
1.99384
2.00408
2.00672
1.99491
1.99944
2.01389
2.00195
1.99397
2.00955
1.99837
1.98725
2.00496
1.99114
1.99039
1.99931
2.00886
1.99793
2.00283
2.00214
2.00195
1.99849
2.00522
2.01131
2.00547
2.00704
1.99114
1.99039
1.99692
2.01847
1.99887
2.00025
2.00647
2.00471
2.02652
2.00201
2.00861
1.99453
1.9836
1.99673
1.97964
2.00044
2.00063
1.99221
2.00572
2.0159
1.9968
1.98756
1.99774
2.02325
1.98505
2.00339
1.99692
2.00182
2.00107
2.00873
1.99786
1.9814
2.01263
1.98769
1.99523
1.99208
2.01684
1.99064
1.9836
1.99944
1.99164
1.99994
1.99837
1.99215
2.00496
2.00873
1.99805
2.00157
1.98209
2.00132
1.98762
2.00848
2.01093
2.00101
1.99127
2.02187
1.99076
2.00723
2.01068
2.01609
2.00408
2.00075
1.9897
2.00465
2.0027
1.9924
1.99516
2.00584
1.97977
2.0125
2.00936
1.97983
1.98995
2.00308
2.00295
1.99793
1.99133
2.00283
1.98875
1.98492
1.98806
2.00566
2.00811
1.99617
1.99749
1.99604
1.99579
2.00572
1.99516
2.01527
1.99988
2.01772
1.99152
2.00295
1.97908
1.99975
2.01615
2.00679
1.99485
2.00025
1.99988
2.00283
1.99284
2.01646
1.98995
1.9973
2.00402
1.98467
2.00289
1.99435
1.99862
2.00415
2.00603
2.00804
1.99353
1.98737
1.98505
1.99146
1.99435
1.97933
2.00591
1.98404
2.0005
2.00006
2.01263
2.01301
1.99321
2.00873
1.99554
1.99428
1.99523
2.00886
1.9831
1.9983
1.99837
1.9912
1.99453
2.00339
1.98417
1.9983
2.0005
2.01169
2.00094
1.99994
1.99843
2.0066
2.01219
1.99428
2.0049
1.99083
2.01169
1.99001
2.00647
1.98825
2.01181
1.99604
2.01269
2.01552
1.99215
2.01037
1.99862
1.99623
2.0169
1.99152
2.00402
2.04335
2.00478
1.99956
2.01828
1.97901
1.99227
1.99579
2.01012
2.00829
1.99918
1.99636
2.00214
1.98354
2.00949
1.98599
1.98436
1.99296
2.00358
1.99409
2.00522
1.99636
2.00836
2.01024
2.00302
1.99912
1.99372
1.99202
1.99843
1.98404
2.00031
2.00496
1.9995
1.99397
2.00974
1.99076
1.99435
1.9951
2.00233
1.98769
1.99303
1.98015
2.01118
1.97625
2.01056
1.9956
2.00987
2.00478
1.99479
1.98643
1.99051
2.0066
2.0005
1.97989
1.99359
2.00936
2.01194
1.97474
2.0022
2.01024
1.99416
1.99453
2.00515
2.00773
2.00277
2.00006
2.00075
2.00666
1.99654
1.99856
2.00107
2.01552
1.98524
1.99378
2.00415
1.97895
2.00277
1.99541
2.01112
2.00572
2.00767
1.99359
1.99862
1.99786
1.99491
1.99812
1.99592
2.00138
2.01188
2.00767
1.99887
1.99705
1.98718
1.99887
1.99692
2.00233
2.00031
2.0017
2.00471
1.99642
2.00622
1.99026
1.98693
1.99102
2.01074
1.99014
1.99485
2.01049
2.0098
1.99598
2.00503
2.00088
2.00917
1.98191
2.00151
2.01018
2.02174
1.99347
1.99215
1.98291
2.01678
1.9995
1.99623
2.00308
2.01433
1.99221
1.99906
2.01458
2.00892
2.01451
2.01238
2.00189
2.00679
1.9978
2.02293
2.00226
2.00101
1.99793
2.00955
1.9875
2.00283
1.99422
1.9897
2.0071
1.99523
1.99617
2.00452
1.99359
2.00779
1.99868
2.00308
1.98065
2.01263
2.01206
1.97832
1.9983
1.9946
1.99535
2.00974
1.99535
2.00245
1.99887
1.99347
1.99654
1.98901
2.00094
2.00088
1.98222
2.01621
1.99793
1.9978
1.99303
2.00189
1.98084
2.00025
1.99937
2.01106
2.01194
1.99937
1.98963
1.98882
1.99994
1.99007
2.00346
2.00339
1.99397
2.0022
2.0044
1.98649
1.9978
2.00616
2.00767
1.98599
1.98052
1.98731
2.00509
2
2.00547
1.98769
2.00823
1.99975
2.00528
1.99611
2.02212
1.99579
1.98555
1.99183
2.01068
1.98725
2.00132
2.00452
1.99252
1.98995
1.99102
2.00063
1.99183
1.98674
1.99874
1.99164
2.01338
2.00019
2.01213
1.98643
2.01678
2.01609
2.00013
2.0022
2.00063
2.01552
2.01043
2.012
2.00553
2.00698
2.00214
1.99755
2.00591
1.99768
1.99504
1.99177
1.99321
1.99724
2.00534
2.00886
2.00735
2.00823
1.99799
1.9983
1.99265
1.99812
2.01049
2.00327
1.99975
1.97556
2.00264
2.00113
1.9956
1.99692
2.01244
1.99045
1.98266
1.99786
1.98392
1.99227
1.9968
2.00088
2.0049
2.01891
1.9968
2.00132
1.99303
1.99755
1.99837
1.99447
2.00685
1.98555
2.00503
2.00591
2.00484
2.0005
2.01144
2.00283
2.00013
2.00716
2.00126
1.9912
2.00949
1.99856
2.00214
1.9907
1.99962
2.00025
1.99259
1.98857
2.01043
2.01144
2.00314
1.98995
2.00729
2.02143
2.0181
2.011
1.98511
2.01056
1.99843
2.011
2.0005
2.00515
2.01558
1.98297
2.00729
1.99183
2.01621
1.99089
2.01062
2.00848
1.99234
1.99768
1.99975
1.99931
2.00446
1.99321
1.99994
1.99271
1.99812
2.01338
2.00132
2.00515
1.999
1.98926
1.99215
1.99786
2.00377
2.00478
2.00214
1.99039
1.9968
1.9902
1.99642
1.99391
1.99931
1.99749
1.99114
1.99629
1.99554
1.99284
1.99849
2.01112
2.00654
1.99001
2.00867
1.99491
2.0125
2.00358
2.01162
2.01615
2.0093
1.99805
2.01068
1.98655
2.00484
1.99856
2.00867
2.00754
2.01118
2.00308
1.98436
2.00968
1.99912
1.99567
2.01382
2.01426
2.02997
2.00785
1.98165
2.00333
1.99686
2.00754
1.99208
2.00201
2.00025
1.97895
1.99234
2.01219
2.01087
2.00459
1.99862
1.99661
2.0076
1.9929
2.00685
2.00358
1.98165
1.99516
2.00126
2.00905
2.00553
1.99673
2.00534
2.01967
1.99365
2.00899
2.00182
2.01351
2.01414
1.99944
1.99579
1.98134
2.0203
2.00295
2.01583
1.9929
1.97851
2.00101
2.01093
2.01364
2.00471
1.99202
1.99108
1.99667
1.98593
2.00057
2.00729
1.9848
1.99724
2.0076
2.00597
1.99472
1.98536
2.00371
1.99717
1.99862
2.00038
2.00182
2.00691
2.00471
2.00157
2.0142
1.99234
1.99567
2.00195
1.98498
1.99617
2.00961
2.00478
2.00754
1.99303
1.98743
1.99127
2.00226
1.98976
2.00396
1.99014
2.00566
2.00132
1.98976
2.00258
2.00553
1.99259
1.98957
1.99491
2.00446
2.00471
2.00836
2.00754
2.00522
2.01294
2.01948
1.99416
1.99051
1.99347
1.99039
2.01954
2.0137
2.02218
2.00063
2.00314
1.99585
1.99623
1.98461
2.00314
1.99051
2.01898
2.00628
1.97914
2.0027
2.00522
1.99472
2.02664
1.99428
1.99573
2.01081
2.00327
2.00496
1.99925
1.97958
1.97908
2.00597
2.00195
2.00258
2.01697
1.99007
2.00936
1.99598
1.99629
2.0071
1.97499
1.99617
2.00515
1.99146
2.00088
1.99642
2.00302
1.99284
2.01439
1.99912
1.99227
2.00566
2.00075
1.99673
2.00974
2.00226
1.99598
1.99529
1.9973
2.00289
2.01734
2.00138
2.01364
1.98624
2.00044
1.99529
2.00176
1.9804
1.99447
1.98536
1.99026
1.99378
1.98712
2.00672
1.99931
2.02262
1.99837
1.99849
2.00239
2.0022
1.99736
1.98725
2.02614
2.0027
1.99592
1.98593
2.00013
2.0022
1.98511
1.99579
2.00484
1.99774
2.00415
1.99862
2.00408
2.00038
1.99403
2.01885
2.01313
2.02363
1.99994
2.00082
2.0159
2.00691
1.99541
2.00729
2.00358
1.99227
2.01345
2.00075
2.00044
2.00006
2.00163
2.00214
1.9755
2.0005
2.00817
1.98737
1.98373
2.01709
1.99567
1.9973
1.99032
2.01156
2.01206
1.99824
1.98618
2.00823
1.99435
1.99221
1.99347
1.99604
2.00245
2.00346
1.99711
1.99988
2.00383
1.99441
1.9929
2.00716
2.00006
1.99988
2.00364
2.00987
1.9934
1.98919
2.00289
1.99937
1.98976
2.0027
1.98649
1.98769
2.0022
2.01232
1.99585
1.99315
2.00578
2.00823
2.01313
1.98794
2.01357
2.00176
2.00189
1.99227
1.98611
2.00547
2.00974
1.98599
1.99271
2.00735
2.00333
2.00811
1.99051
2.01087
1.99416
2.00628
2.00233
1.99925
2.00723
2.00792
2.00408
1.99585
2.00327
2.00716
1.9995
2.012
2.01665
2.00522
1.98888
2.00471
2.02168
2.00792
2.02174
1.99504
1.98392
1.99516
2.00157
1.99912
1.99673
2.00427
2.01451
2.00107
1.98228
1.99874
2.00233
1.99183
2.00358
1.99265
1.98938
1.99724
1.9983
1.97996
1.99944
1.98121
2.01005
2.00408
1.99139
2.01389
2.00402
2.00698
1.98322
1.99384
2.00999
2.00748
2.01401
1.99334
2.0022
1.9912
2.00628
1.99837
1.9863
1.9902
1.99284
1.99234
1.98919
2.01433
1.99661
2.01081
1.99567
1.99139
2.0049
1.98486
2.01169
1.99208
1.99874
2.00987
1.98957
1.99736
2.00446
1.99384
2.00628
2.00057
2.00264
1.99918
2.00597
1.99724
2.00754
1.99215
1.99221
2.00057
1.99931
2.01068
1.99535
2.00295
2.00553
2.00176
1.99667
1.99749
1.99183
1.98555
1.98963
2.0027
2.00063
1.99523
2.01232
2.00842
1.99441
2.00025
1.99485
2.00314
2.00811
1.99736
2.00578
2.0093
2.00553
2.01181
1.98674
2.00295
2.00503
2.00961
1.98021
2.0076
2.012
1.99428
1.99611
2.00798
2.00151
2.00471
2.01527
1.99447
1.98662
2.00019
2.02168
1.99146
2.0054
1.99893
1.99466
2.00679
2.01118
1.99617
2.00063
1.9983
1.99585
1.98649
1.99636
1.99698
2.01068
2.00138
2.0061
1.99893
2.00647
1.99102
1.98574
2.0039
2.00289
2.00496
2.00515
2.00226
2.00025
2.00886
2.00547
2.00245
1.99177
2.00214
2.02055
2.01313
1.99849
2.00088
1.99114
1.9983
1.98542
2.00352
2.01816
2.00654
1.99328
1.99321
2.00528
1.99604
2.00157
1.99058
1.99705
2.00044
2.00522
2.00773
1.98743
1.98725
2.00321
2.00603
2.0022
1.99793
1.98153
2.02042
2.00672
1.98869
2.00741
1.99504
1.98429
2.00723
2.00145
2.00528
1.98674
1.99598
1.97744
2.00214
1.99736
1.99793
2.00107
2.01533
2.00151
2.01351
1.99654
2.00867
2.00138
2.00289
2.0169
1.99252
1.99937
1.98988
1.99523
2.00566
2.01332
1.98178
2.01678
2.00283
2.00949
1.999
2.01615
2.01225
2.00126
2.0093
1.99051
2.00013
1.99127
2.00258
1.99604
1.98718
2.00132
1.99265
1.9912
1.98586
1.99931
1.98932
1.99592
2.01502
2.0137
1.99133
1.9983
2.01037
2.0039
1.99768
1.98794
1.99259
1.99127
1.99849
2.00892
2.00352
1.98385
2.01621
2.01382
1.99843
1.99636
2
2.01502
2.00528
1.98549
1.99152
1.98128
1.99529
2.00277
2.00496
2.0066
2.0005
2.00415
1.98951
1.99654
2.01213
1.99372
2.00258
2.0076
2.02149
1.98844
2.0093
2.01546
1.98404
1.99837
1.9946
1.99252
1.99303
2.01225
2.00811
2.01382
1.9919
1.99397
2.00107
1.9897
2.0115
1.98825
1.9929
1.99158
1.98743
2.0054
2.00082
2.00239
1.99039
2.01791
1.98926
1.98907
2.00157
1.98825
1.9924
1.99252
2.02118
1.99994
2.00999
2.00182
1.98429
2.0017
2.00792
2.00993
1.99259
1.97707
1.97575
2.01106
1.99171
1.99435
2.01169
2.02218
1.99523
2.00446
1.99491
1.99359
2.01464
2.01942
1.98806
1.99416
2.00239
2.00515
1.99202
2.01345
1.9848
2.00597
2.00553
1.98882
1.98769
2.01307
1.99692
1.99604
2.00572
2.0017
1.98002
2.00038
2.01326
1.9968
1.99937
1.99975
2.0005
2.00547
2.01093
2.01433
2.00509
2.00622
1.99416
1.9956
1.99849
1.98819
1.99755
1.98046
1.9863
1.99303
1.98216
1.99397
1.99146
2.00748
1.97889
1.99296
2.01238
2.01068
1.99742
1.99604
1.99234
2.00245
1.99039
2.02161
1.99152
2.00057
1.99497
2.01533
2.01986
1.99969
1.99384
1.97895
1.99931
1.99654
1.99623
1.99127
1.99397
2.00741
1.99391
2.01056
1.98304
2.00484
2.01169
2.01213
2.01408
2.0022
2.00773
2.00352
2.00289
2.00308
1.99296
1.99089
2.01533
2.00434
1.99912
1.99535
1.99548
2.01552
1.99604
1.99805
2.00377
2.00503
2.00949
1.99592
2.00189
1.99315
2.02161
1.99736
2.0071
1.99321
1.9848
1.9973
1.99133
1.99422
2.00943
2.01539
1.99497
2.00226
1.99554
2.00364
1.99491
1.9995
1.99579
1.99623
2.00189
2.00478
2.00107
1.98982
1.99246
1.99114
2.00899
1.99491
1.99472
2.00182
1.99918
2.00207
1.99755
2.01307
1.99981
2.00848
2.02482
2.00063
1.99171
2.00679
2.00126
1.99523
1.97927
1.99497
1.99523
1.99158
1.99491
1.98423
2.01225
2.00057
2.00195
2.01979
2.01514
1.99642
2.00446
1.98819
1.99529
2.01062
1.99497
1.99673
1.99554
2.00088
1.9995
2.00245
1.98021
2.0066
1.99014
2.0142
1.9983
2.01238
2.00478
2.00101
1.99541
2.00823
1.9995
1.99328
2.01351
2.01458
2.00415
1.99598
2.01125
1.99108
2.01445
2.00446
2.00503
1.99309
1.98618
2.012
1.97845
2.00471
1.9934
1.99234
2.01131
2.01074
2.0005
2.00082
1.9919
1.98794
2.00283
2.01671
2.00107
2.00302
1.99592
2.00101
2.02136
2.00182
1.99931
2.00283
1.99761
1.99102
2.00547
2
1.99453
1.98555
1.99541
2.01495
2.00408
1.99309
2.02218
2.01891
2.0093
1.99956
2.01747
2.00855
1.98373
2.01734
2.00119
2.00289
1.99208
2.0044
2.00239
2.00346
2.00239
2.0115
2.00258
1.9912
2.00603
2.00924
2.00691
1.9995
1.99799
1.99893
1.97612
1.99076
1.98618
2.0125
2.01074
1.99372
2.00861
2.0142
1.98165
1.99567
1.9973
1.99862
2.00943
2.00013
2.00101
1.99818
2.01546
1.99724
1.99428
2.00628
2.00855
1.99611
2.00182
2.00603
2.01659
1.99183
2.00201
2.00999
2.01904
1.99259
2.00679
1.99629
1.99893
2.00283
1.99598
1.99164
2.01451
2.0115
1.99516
2.00057
1.99259
1.988
1.99334
2.01376
1.9777
2.0044
2.00785
1.99717
1.99925
2.00082
1.99698
1.9836
2.00654
1.98015
2.00616
1.99416
1.97726
1.99347
2.0098
2.0071
1.99315
1.9755
1.99102
1.99768
2.00748
1.99548
2.00584
2.00239
1.99378
1.99158
2.00132
2.01615
1.98637
1.99579
1.98875
1.99045
1.98065
1.99378
2.00597
1.99334
2.00484
2.00377
2.00195
2.00346
2.01521
1.97656
1.99931
2.00899
1.9951
1.9907
2.00195
2.00333
1.98637
1.99585
2.01118
2.00245
2.00917
1.99944
2.00132
2.00628
2.00528
1.99246
1.99774
2.00214
1.98624
1.9929
1.98065
2.01206
2.00126
2.00245
2.00704
1.99064
2.0044
1.98957
2.00484
2.00195
1.99856
2.00503
1.99064
1.98366
2.00264
1.9968
1.99391
2.01301
2.00785
2.00239
1.98844
1.99083
2.00113
1.99227
2.00949
2.00006
1.99523
1.98963
1.98712
2.01112
2.00723
2.00377
1.98687
1.98373
1.99937
2.01609
1.99654
2.02287
1.99975
1.99843
2.00289
1.99504
2.00189
1.98624
2.00145
2.01276
2.00987
1.99215
1.9973
1.98718
2.00522
1.9946
1.99774
1.99447
1.99365
1.99453
1.97568
2.01181
2.01445
1.99328
2.00226
1.98285
2.00182
1.99906
1.99171
1.9934
1.99812
2.01382
1.99265
2.00647
2.01049
1.99711
2.00189
1.99416
1.99378
2.0027
2.00176
1.98907
1.99969
1.97964
2.00534
1.9951
1.98423
2.00899
1.99598
1.99309
1.99592
2.01313
1.99001
1.9978
1.99246
1.99629
2.00088
1.99504
2.00371
2.0049
2.00013
1.99611
1.98995
1.99039
2.0098
2.00358
1.99969
2.00057
1.99579
1.99768
1.98863
2.00226
1.99403
2.00427
2.00163
1.98392
2.01005
1.99799
2.00597
2.00811
2.01056
1.99944
2.00917
1.98982
2.00842
2.00666
1.99523
2.00044
1.99592
1.99365
1.98379
2.01276
2.00823
2.0076
2.00289
1.98687
1.99523
2.00622
2.0022
1.97682
1.99981
1.98341
1.99994
2.00773
2.00654
1.98549
2.01282
1.99573
2.01307
2.02664
1.99045
2.00176
2.02231
1.98869
1.98253
2.0044
2.01489
2.0054
2.00949
2.00245
1.99956
2.0306
1.9897
2.0093
2.01703
1.9946
2.00101
2.00321
2.00873
1.99742
1.99535
1.98655
2.00515
2.0027
2.00352
1.99642
2.00025
2.00785
1.99843
1.97983
2.00352
2.00189
1.98486
2.00452
2.01144
1.99453
1.99058
1.99667
2.01276
1.9863
2.01376
1.99623
2.00201
2.00698
2.00069
1.9858
2
2.00057
2.00773
2.00917
1.98787
2.01313
2.00151
1.99648
1.99988
1.99636
2.00566
1.98888
2.00572
2.00408
1.99108
1.9956
1.99391
2.00258
1.99592
2.00358
1.99271
2.00207
1.98674
2.00415
2.00031
2.01175
1.9951
2.01294
2.01263
1.98963
1.98901
1.99786
1.99095
1.99617
2.00452
2.00572
2.00848
2.00459
1.99648
2.0088
2.00628
1.99579
1.99391
2.00038
1.9929
1.99365
2.00848
2.0005
1.96689
2.0203
2.00119
1.99466
1.98951
1.99975
1.99303
2.0022
2.00101
1.99284
1.99893
1.98461
1.98819
2.00182
1.99906
1.99146
1.9978
1.99523
1.99409
2.01106
1.98825
1.99365
1.99686
1.99611
1.99667
1.9973
1.99592
1.99648
1.99372
1.98398
1.99196
2.01326
2.0027
2.00641
2.00151
2.02231
2.00729
1.98637
1.98699
2.00465
2.01483
2.00195
1.99944
1.99108
1.99045
1.98857
1.99497
1.99937
2.00088
1.98907
1.98769
2.01986
1.98725
2.01232
2.01671
1.98436
2.01565
2.00735
1.98951
1.99805
2.01376
2.00691
1.99284
1.99529
1.9934
2.00057
1.99485
2.00145
1.99887
2.00917
2.00189
1.99497
1.9848
1.99183
2.00622
2.00321
1.99692
1.99548
1.98781
1.99397
1.99215
1.99793
1.99994
1.99906
1.99629
1.99535
2.00829
1.99491
1.98065
1.99114
2.00779
1.99227
2.00295
2.00566
1.99849
2.01118
1.99378
1.98988
2.00201
1.99479
1.99127
2.00534
1.98907
1.99768
2.00496
1.99102
2.00402
2.00302
1.99642
2.00321
2.00622
2.00754
2.00044
2.0076
1.99623
1.98178
1.99177
2.00352
2.00258
2.00214
2.00427
2.00402
1.98385
1.99573
2.00358
2.00584
1.99736
2.02155
1.97726
1.99133
1.999
2.00559
2.00245
2.00201
1.99108
2.0066
2.01401
2.00063
1.99799
1.99548
2.01244
2.00848
2.01414
2.02074
1.9858
2.01087
2.00754
2.01552
2.00741
2.00572
2.01169
1.99856
2.00239
2.00804
1.9924
2.00132
1.99874
2.01376
2.00057
2.00899
1.99648
1.99742
1.9836
2.01194
2.00452
1.99347
2.01194
2.011
2.00371
1.99698
1.99416
1.98228
2.00798
2.00735
1.99234
2.01389
1.99303
2.00157
1.99095
2.01345
1.99397
2.00716
2.00264
1.98222
2.00867
1.99768
1.98944
1.99479
1.99284
1.99975
2.00264
1.98919
1.9956
2.00408
1.98065
1.99554
2.02507
2.00402
2.00729
2.00993
2.00371
1.99076
1.98115
1.99598
2.01766
2.00371
1.98869
1.97933
1.99912
1.988
1.9929
1.9934
2.00641
1.99818
2.00308
1.99893
2.0066
2.00698
2.01326
1.99868
1.99567
2.01018
2.01942
1.98957
1.98442
1.9934
1.99234
2.00842
2.00163
2.00836
1.99962
1.98329
2.0054
2.01596
1.9836
1.99768
1.99296
2.02714
2.00189
1.99328
2.00069
2.00641
1.99749
1.98134
2.00132
1.99686
1.9782
2.00817
1.99095
2.01602
1.99906
1.99453
1.99717
2.00119
1.98831
1.97625
2.01389
2.0005
2.00572
2.00484
2.0196
1.99554
2.00691
1.9924
2.0191
2.00723
1.99799
1.99146
2.00503
1.98957
2.0066
2.00069
1.97958
1.9924
2.01301
2.00528
1.98693
2.00899
1.97814
1.99076
2.01005
2.01131
2.00936
2.02099
2.00572
2.00553
2.01263
1.98901
1.99422
1.99095
1.98354
2.00327
2.02639
2.01332
2.00415
2.0017
1.98498
2.00434
2.00892
1.99962
2.00792
2.0005
2.01232
1.99497
2.00616
2.02375
1.98882
1.98976
1.99309
2.00829
1.99956
1.99196
2.00641
1.99328
1.99114
2.01056
2.00647
1.99786
2.00031
2.01847
1.9907
2.00025
1.99604
1.98988
2.00283
2.01012
2.00471
1.99491
2.00082
2.01049
1.97776
1.99051
2.00741
1.99799
2.00346
1.99479
1.98869
1.99856
2.00553
1.999
1.99347
1.98341
2.00031
1.99793
1.99874
1.99535
2.0137
2.00107
1.99843
2.00069
1.99642
1.999
2.00446
1.99227
1.99504
1.98329
1.99541
2.00666
1.99918
1.99994
2.00138
2.00553
2.00911
2.0196
2.00132
2.01495
1.99856
2.00779
1.99786
1.9983
2.00817
1.99654
2.00729
1.99862
1.99133
1.98995
2.00622
2.00698
1.99328
1.99083
2.00829
1.98178
1.99931
2.00044
2.01018
2.00509
1.99642
1.9848
2.00283
2.00628
1.99856
2.00019
1.99981
2.00195
2.00264
2.01225
2.00082
2.00044
1.99793
2.00547
2.00075
2.00553
2.0098
2.01866
2.01118
2.01703
1.97675
1.99466
1.99786
2.00031
2.00848
1.98498
1.98611
1.99095
2.0203
1.99667
1.98894
2.00113
1.99384
1.99623
2.01382
1.9995
2.01389
1.99585
2.01602
1.99529
2.00132
1.98838
1.98348
2.00239
1.97901
2.00886
2.00729
2.00182
2.0093
2.00088
2.01062
2.01345
2.00427
2.00591
1.98549
2.00974
1.99962
2.0132
1.99604
1.99384
2.00006
2.01169
2.01074
1.99736
1.98052
1.99102
1.99309
1.99548
1.99849
1.99164
1.99491
2.01068
1.98505
1.99146
1.98932
2.01288
1.98668
1.99397
2.00119
2.02268
2.01596
1.99749
1.99372
1.99504
2.00258
2.00006
1.99221
1.99278
1.99064
2.0061
1.99278
2.00867
2.00861
2.00195
1.99529
1.99648
2.00974
2.0088
2.00484
2.0049
1.98857
2.00207
2.00968
2.01577
1.99548
1.99956
1.9863
2.00892
1.99309
1.99485
2.00917
1.99768
2.00377
1.99409
2.0115
1.99177
1.98599
1.99925
2.00503
1.9973
2.00943
1.98561
2.00754
1.99177
1.9995
1.99994
1.99598
1.99146
1.97996
2.01144
2.00496
1.99171
1.99095
1.99585
2.00917
1.99805
2.00038
1.99026
2.01414
2.00817
1.9995
1.99271
1.9968
2.01326
1.99485
1.99309
2.0061
2.00993
2.00195
1.99479
2.01206
1.98907
1.99818
1.99058
2.0054
1.98926
1.99881
1.99862
2.01081
1.99604
1.98524
1.98901
1.99146
2.00082
2.01414
1.99887
2.00572
2.0005
1.99504
2.00339
1.99749
2.00811
1.98322
2.00182
1.99786
1.99246
2.01012
1.99491
2.00408
1.98932
2.00258
2.00829
2.02721
2.00716
1.98731
1.99504
1.99127
2.00283
2.01137
2.00522
1.99692
2.0054
2.00069
2.01194
2.00509
1.99378
2.01389
1.99472
2.01012
1.99944
1.99466
2.00277
2.00182
2.01445
2.00465
2.0071
1.99786
2.00603
2.00126
2.00119
1.99139
2.00251
1.99491
2.00748
1.99887
1.99202
1.98882
1.98844
1.99014
1.99541
1.9924
1.98963
2.00993
2.011
1.98611
1.99516
1.99164
1.99529
2.02601
2.00534
2.01288
2.00905
1.99667
1.99705
2.00088
1.99215
1.99856
2.00434
1.99824
2.00264
2.00145
1.99001
1.99925
2.0022
1.98404
1.99177
2.00044
1.9858
2.00691
1.99969
2.0071
1.99032
2.00597
2.01307
2.00019
1.99918
2.00214
2.00559
2.00302
2.01144
1.98611
1.98586
1.99611
1.98203
2.00233
2.00459
1.99259
2.02111
2.01609
1.99309
1.99315
1.99227
1.99906
2.01879
1.99453
2.00308
1.99541
2.01037
1.99158
1.99988
2.00471
2.00917
1.98794
1.9919
2.00572
2.00189
1.99988
1.99931
1.99912
2.0005
2.01074
1.99139
2.00138
1.9902
1.99428
1.98995
1.9902
1.9897
2.00591
2.00088
2.01357
1.9848
1.99642
2.0054
1.99271
1.99466
2.00371
2.00364
1.99805
1.99127
1.99686
2.00842
1.99428
2.00214
1.99497
2.01351
1.99749
2.01269
1.99629
2.00735
1.98982
1.97644
1.99925
1.99893
1.99139
1.98894
1.99296
2.00019
1.99353
2.00044
2.01294
2.00352
1.98988
1.99497
1.99661
2.011
1.98618
1.99391
2.00987
2.00823
2.01112
1.99636
1.9956
2.00691
2.00107
2.00427
1.99824
2.00478
1.99755
2.01307
2.01351
1.98844
1.99548
2.0066
2.01445
1.999
1.98159
1.99523
2.00993
1.9956
1.97468
1.99717
1.99315
2.00823
2.00226
1.98932
2.01043
1.98568
1.9951
2.0005
2.01822
1.99089
2.01112
2.02017
1.99234
1.99906
2.00968
2.00547
1.98794
2.01194
2.00195
1.99654
1.9983
2.01885
1.99705
2.00031
1.99152
1.98932
2.00044
1.99661
1.99409
2.00157
1.99259
2.01609
1.98643
1.999
2.00025
2.00836
1.96909
2.01326
1.99001
2.00829
1.99611
2.02419
2.01301
1.99711
2.0125
1.99912
1.9885
1.99278
1.99548
2.00496
1.99321
1.99912
1.98725
1.99246
1.99667
2.00899
2.0005
1.99234
1.99918
2.00371
2.00113
2.0142
1.99378
1.9919
2.01414
2.00006
1.99328
2.01257
1.99981
1.99931
2.00917
2.00936
1.98857
1.98285
1.99849
2.00025
1.99139
1.97908
1.9836
2.00277
2.00094
1.99573
1.99303
2.0115
1.99315
2.02048
1.97656
1.99906
2.01464
2.01043
2.01916
1.98417
2.00138
1.98442
2.01923
1.98926
2.00157
1.99648
1.99303
1.99422
1.99862
2.00559
2.00377
2.01759
1.9902
2.00364
1.99862
2.0022
2.01093
1.97468
1.99642
1.99573
2.00006
1.98373
2.00698
1.99353
1.99711
2.00503
2.00616
1.99428
2.00886
1.99786
2.00635
2.00773
2.01533
2.02306
1.99805
2.00006
1.99271
1.99548
1.98712
1.98926
2.00006
1.99391
1.99711
2.00496
2.0054
2.02777
2.00383
1.99717
2.00182
1.99629
2.0159
2.00101
2.00509
1.97983
1.99529
1.98926
1.9885
2.00823
2.00277
1.99667
1.98762
1.99523
1.99981
1.99208
1.99956
2.00113
2.00584
2.00628
1.99648
2.01062
2.00685
2.0054
1.99384
2
1.99636
1.99956
2.00503
2.01571
1.98222
1.99435
2.01131
2.00044
2.0137
1.98436
1.98982
1.99994
2.01715
2.00446
2.02017
2.00302
2.01181
2.00239
1.98901
1.99793
1.99673
1.98995
2.00917
2.00371
2.00157
1.99937
2.00207
2.01194
1.99309
2.00019
1.98568
1.99403
2.00993
1.99246
1.99026
1.98913
1.99347
1.98373
1.99761
2.02645
2.01847
1.99208
1.99058
2.00591
2.00509
1.98693
1.99598
2.00377
2.00603
1.98681
2.01049
1.99692
2.00226
1.98681
1.99284
1.99749
1.98209
2.01477
2.02608
2.00855
2.00239
2.012
1.99139
1.99359
1.98662
2.00057
2.00295
2.00251
2.00842
2.01194
1.99334
2.00961
2.00509
1.99805
1.99874
2.01118
1.99453
2.00163
1.99259
1.98718
1.99654
2.01558
2.00867
1.9973
1.99416
2.00446
1.99435
2.00176
2.00559
2.0147
1.99391
1.99202
2.01558
1.99925
1.99472
1.99579
2.0022
1.99711
2.0098
1.99095
2.00258
2.00013
2.00798
1.98392
2.00094
1.99328
2.00145
1.99667
2.00515
1.98944
2.00811
2.00063
2.00151
2.00069
1.98511
1.98366
1.99479
1.98699
2.00402
1.99428
2.01288
2.00943
2.00484
2.00716
1.98888
1.99736
1.99554
1.99541
2.01439
2.0022
2.01263
2.02444
1.99479
2.01137
2.00277
2.00723
2.02293
2.01005
1.99906
2.00886
2.00176
2.00025
1.97493
2.00861
1.99774
1.99812
2.00163
1.98316
1.98907
1.99001
2.00302
2.01018
1.99491
1.99969
2.00339
2.00804
2.00559
1.99516
2.00698
2.01005
1.99177
1.99221
2.00019
2.00867
1.99856
2.01791
2.01338
1.98901
2.00157
2.00088
1.99365
2.00836
1.99321
2.01722
2.00754
1.98216
2.01263
2.00415
1.99837
2.00289
1.99372
2.01162
1.99045
1.99988
1.97964
1.99296
1.99868
1.99315
1.99944
2.00057
2.01005
2.00622
2.00578
1.98599
2.00302
2.00622
1.98505
1.99158
1.98988
1.99384
1.98995
2.01338
1.99529
2.01131
1.99171
1.9826
2.00716
2.0137
1.99234
2.0066
1.99755
1.99479
2.00371
1.99164
2.00698
2.00176
1.99736
2.00666
1.98988
1.98756
1.99221
2.0044
2.00321
1.99648
1.99975
1.99793
2.0022
1.98002
1.99007
1.99579
1.99925
1.98165
1.99064
1.99874
2.00239
1.999
1.98838
1.99799
2.00421
1.99981
1.99585
1.99026
1.99962
2.00698
1.98844
2.00321
2.01288
2.00295
1.99661
2.00069
2.00704
2.00434
1.99516
2.00371
2.01118
2.00396
1.99089
1.99918
2.0088
2.0088
2.01451
2.01389
2.00176
2.01068
1.99334
1.98417
2.00088
1.99215
2.00704
1.98825
1.98643
2.01307
2.00314
1.9978
2.00126
1.99868
2.00182
2.01678
2.01904
1.99774
2.00308
1.99315
2.00352
1.9951
2.00321
2.00666
1.99076
2.00484
1.98988
2.01276
1.99202
2.01181
1.99435
1.99925
2.00779
1.99083
1.99208
1.99391
1.99334
1.98624
2.00622
1.99994
1.99208
2.00647
1.99491
2.0132
2.00013
2.00716
2.00496
1.99755
1.98932
1.99428
1.99686
2.00189
2.00478
1.99906
2.01169
2.0049
2
1.99265
1.98599
2.00333
2.00691
2.01087
2.00547
1.97807
1.98436
2.0061
1.99007
1.99573
2.00189
2.00578
2.0061
1.9919
1.98831
2.00735
1.9919
2.00572
2.01621
2.01389
2.01433
1.99931
2.00295
2.00792
1.98473
1.99698
1.99491
1.99397
2.00534
1.99742
2.0159
2.00434
1.98794
2.00006
2.012
1.99064
1.9929
1.99523
1.98297
1.99548
2.00226
1.99629
2.00182
1.9826
2.00132
2.00899
2.0137
2.01012
1.99064
1.98033
2.00559
2.00974
1.98517
1.99491
2.01244
1.98743
2.00358
1.99334
1.99089
2.00119
1.99284
1.9919
2.02966
1.98901
2.00685
1.99793
1.99491
2.00987
1.99623
1.99064
1.9983
1.99347
2.00993
2.00534
1.99956
1.98392
1.9973
1.99479
1.99441
2.01602
2.00949
2.01294
1.99278
2.0071
2.01464
1.98813
2.01326
2.00635
1.99837
2.0093
1.98687
2.00327
1.99604
1.98247
2.00597
2.00314
2.0027
2.00101
1.99837
1.99887
1.99133
1.99215
1.99076
1.98831
2.0044
1.99158
2.00572
2.00408
1.97945
1.99673
1.98498
1.99673
2.0049
1.98951
1.9912
2.00006
2.00069
2.00396
1.99686
2.00201
1.99874
1.99472
1.99793
1.97989
2.00616
2.01049
1.98222
1.99504
1.99837
1.98737
2.00396
1.99045
1.98699
1.99774
2.00842
2.00182
1.99076
1.99969
1.97832
2.00528
2.01445
1.99447
1.99296
1.99994
1.99912
1.98995
1.9907
2.02909
2.00767
1.99585
1.99567
2.00302
1.98536
1.99001
1.99051
1.99541
2.00352
1.99453
2.01502
1.99937
1.99321
1.99799
1.99397
2.00515
2.00773
1.98649
1.98882
2.0213
1.98718
2.00182
1.99152
2.0022
1.99441
1.97223
2.023
2.00685
2.00132
2.01162
2.00289
1.9983
2.00031
2.01012
2.00245
2.0049
1.99661
2.00873
2.00057
1.98769
2.00528
2.02199
2.01728
1.96752
1.99611
2.00622
2.01891
1.98153
2.01169
1.9897
2.00327
2.00452
1.98706
2.00031
1.99202
2.01697
2.00239
2.03041
2.01232
1.99353
1.98065
1.98398
2.00861
2.0115
1.99523
2.00189
2.0071
1.99611
1.98404
1.99661
2.00829
1.99435
1.98699
1.99032
2.00817
2.00817
2.01081
2.0017
1.99969
1.97625
1.99171
2.00226
1.99799
2.00848
2.01709
2.01269
2.012
2.00025
1.98059
1.99234
2
2.01627
2.01294
2.00233
2.00427
2.00873
2.01043
2.02212
1.99868
1.99472
1.98687
1.99058
1.99152
2.00842
1.99768
2.01772
1.99837
2.00019
2.00873
2.00383
2.01326
2.00069
2.00616
1.99786
1.99284
2.00377
2.00327
1.98806
1.98731
2.0039
2.01307
1.99592
2.00478
2.01653
1.98938
1.99133
2.00666
1.98926
2.00509
1.99881
2.00616
1.99799
2.00961
2.00145
2.00798
1.99039
1.9978
1.98492
2.01043
2.00113
2.01527
1.98813
2.00302
2.00817
2.01181
1.99497
2.00899
2.00408
2.01244
1.99736
1.99648
1.98473
1.99988
2.00308
1.99114
2.00471
1.99102
2.00421
2.01464
1.98737
2.01558
1.999
1.9863
2.01307
2.00396
2.00321
1.99403
2.01012
2.0132
1.99962
1.99127
2.0061
2.00283
1.99761
2.01866
2.01565
1.99918
2.01923
1.99837
2.00459
1.98775
1.99095
2.00848
2.0203
1.98461
1.99912
1.99397
2.00672
1.99667
2.00214
2.00264
2.00584
2.00421
1.99717
1.98838
2.00201
2.00126
2.00811
2.0027
1.99711
1.99906
2.00289
2.00452
1.999
1.98467
2.00352
1.98699
2.01376
1.98253
1.98825
1.99252
1.99598
1.99881
2.00842
1.99309
1.98693
1.99925
2.00163
2.00723
1.99598
1.99479
2.00804
1.99724
1.98461
2.0125
1.99988
2.00591
2.01627
1.99384
1.99001
1.98863
2.00597
1.98216
2.01206
2.01294
2.01018
1.99874
1.98913
1.98693
1.99849
2.00289
2.00792
1.99579
2.0066
1.99629
1.99988
1.99981
1.99548
2.00867
2.0027
1.99799
1.98988
2.01162
2.02187
2.00245
1.99234
2.00748
2.00214
2.01778
2.00666
1.9983
2.01571
2.0039
2.01495
2.00798
2.01533
2.00578
2.00151
1.99774
2.011
2.01546
1.99409
2.00245
2.00748
1.98819
2.0054
2.00038
1.99799
2.00471
2.01828
1.99843
1.99146
2.01219
2.00471
2.00848
1.99962
1.98373
2.00478
2.01439
1.99127
2.00534
2.00126
2.00069
2.01169
1.99768
1.98926
1.98599
2.00943
2.01326
1.99567
1.99868
1.99472
2.00528
1.99127
2.00666
2.00415
2.00465
1.98976
1.98762
2.00408
1.99365
2.00371
1.99347
2.00145
1.99196
1.99529
1.99516
2.00553
2.0005
1.98907
2.01445
2.02023
2.00038
2.01263
2.00999
1.99278
2.00314
1.999
2.00069
1.99353
2.00886
2.00829
2.00044
2.01169
2.01357
2.00239
2.00151
2.00528
1.98297
2.00936
1.99064
2.01257
1.98995
2.00968
2.00616
2.0039
1.98982
2.00151
1.9973
1.99353
1.99064
1.99686
1.99014
1.99359
1.9934
1.99944
1.98869
2.00566
2.01081
2.01715
1.99994
2.00025
2.00327
2.00723
2.01797
1.99485
2.00377
2.00672
2.01106
1.98838
1.98511
2.0044
1.99592
1.99516
2.0054
1.99975
1.99969
1.9995
2.00126
2.00176
1.9858
1.9919
2.00107
2.00163
1.99818
2.01495
2.0022
1.99032
1.98951
2.00138
1.98002
2.00647
2.01514
2.00075
2.00798
1.9875
2.00283
2.02193
2.01665
1.99812
1.9924
1.98542
1.99793
1.98461
1.99259
2.01005
1.99692
1.99937
2.01426
1.9995
2.00126
1.99868
2.00107
2.00302
1.99717
2.00566
1.98681
2.00383
2.00132
2.0203
2.00936
2.00327
1.98291
1.99058
2.00006
1.98662
2.01125
1.98637
1.98957
2.00013
2.00993
2.00522
1.98838
1.99252
2.00961
1.98863
1.99384
2.01031
1.98549
1.98932
1.99259
1.99472
2.0235
2.00446
2.00735
2.00094
1.99202
