2.00811
1.9792
1.94402
1.95784
2.06842
2.03701
1.96538
1.96035
1.95407
2.0257
1.96287
1.98046
2.04958
1.99554
2.02067
1.96915
1.9591
1.95407
1.95658
1.99051
1.99554
1.99428
1.93899
2.07848
2.00811
2.01062
1.9792
2.0546
2.00057
2.00434
2.06088
1.92642
2.00559
1.97166
1.98926
2.0257
1.9792
2.00057
2.02444
1.94402
1.91888
2.03701
2.03198
1.95533
1.95156
1.96915
1.97418
2.0634
2.05209
1.9792
2.02696
1.97418
1.94025
1.99177
1.988
1.97041
2.09104
2.00182
1.98046
1.98674
1.99428
1.93271
2.05209
1.99554
2.07219
2.02696
2.03324
2.02067
2.08099
2.02821
1.98549
1.97795
1.97795
2.01439
1.92894
2.05083
1.99428
1.9968
1.92642
1.93648
1.96412
2.06717
1.99428
2.02067
1.93271
2.05711
2.01313
1.9968
1.97669
1.96915
1.96287
1.94276
2.00182
1.97292
2.01565
1.98297
2.05586
1.94276
2.02821
1.95407
2.03952
2.00811
1.99554
1.9968
1.94904
1.97795
2.01062
1.99805
1.99303
1.93396
2.08476
1.99051
1.99805
1.988
2.04329
2.05083
1.96412
1.94904
2.1011
1.99805
2.0345
1.95156
2.03198
1.97543
2.0345
2.01565
1.9503
1.97166
2.03324
1.99051
2.02947
2.01565
2.01816
2.01816
1.98549
1.96035
2.14131
1.99177
2.05963
2.00182
2.00811
1.96412
2.08225
2.02696
2.05334
1.97795
2.0169
1.99931
1.98172
2.01188
1.96915
2.01942
1.97669
2.05711
1.97166
1.95407
2.01313
2.02947
2.05837
2.06842
2.03324
2.01942
2.06717
1.96287
1.94779
2.04832
1.96915
1.96789
2.05837
2.06968
2.03827
1.96538
1.94904
1.98926
1.98046
2.03701
1.97669
2.03827
1.9415
1.98674
1.97166
1.95407
1.98926
1.9968
1.97041
1.99303
2.10487
1.98046
2.02319
1.96789
2.00811
1.99303
2.01816
1.99931
1.91511
2.05586
2.02444
2.00811
1.95658
2.04329
2.04958
1.98674
2.02947
1.92265
1.98926
2.01942
1.98046
1.94025
1.96915
1.99805
1.97166
1.94904
1.98674
2.00308
1.96664
2.01565
1.97292
1.99303
2.05334
1.99303
1.9792
2.00434
2.06842
1.96915
2.04329
2.07596
1.95658
1.97543
1.96287
1.95784
1.93019
1.988
2.04958
2.03324
2.04832
1.94527
2.00685
1.9792
2.03827
1.9968
1.90883
1.99931
2.03827
2.0345
2.00936
2.0345
1.99931
2.05209
2.04078
2.01942
1.98423
1.99554
1.95533
2.00685
1.98674
1.9968
1.99303
1.98549
1.94653
2.09607
1.99931
1.97795
2.04581
1.99805
2.06088
2.07848
1.94276
1.99554
1.988
1.99051
1.9415
1.99303
1.94025
1.96287
2.01062
1.99428
2.01439
1.98549
1.94402
2.06214
1.9503
1.9792
1.92265
1.94025
2.03198
2.03701
2.03952
2.03324
2.05083
1.92265
1.97543
2.02319
2.02193
2.01188
2.04078
2.01188
2.00936
2.04706
1.988
1.98046
2.04204
2.00936
1.97795
1.99177
2.05083
2.00936
1.97418
2.00308
1.98172
2.07973
2.00936
1.96538
2.00811
2.04958
1.94779
2.01942
1.99051
2.0257
2.05711
1.98926
2.00182
2.03575
1.95156
1.95281
1.92391
2.02821
2.04078
1.95407
2.04455
1.99051
2.01816
2.07094
1.9792
2.02821
1.9792
1.99177
1.95533
1.97292
2.10487
1.92768
1.92391
1.90883
2.06842
1.96035
1.96035
2.07848
1.99554
2.01062
2.0169
1.92894
1.99554
2.10612
1.9792
1.9968
1.99303
1.988
2.08225
2.04204
1.90632
1.95784
2.04078
2.02193
2.05209
1.93019
2.02444
1.98423
1.96664
2.06591
2.02319
1.97669
2.05837
2.02319
1.98172
2.11241
1.96412
2.03701
1.99554
1.99931
1.97166
1.97292
2.02947
2.01565
2.02067
2.01062
2.03324
1.96915
2.02947
1.99428
1.988
2.01816
2.05334
1.98674
2.02947
2.07219
2.04832
1.96789
2.06214
1.9214
2.02444
1.91637
2.08476
2.01188
2.0546
1.97041
2.01188
2.03324
1.94653
1.99051
2.02193
1.96287
2.04078
2.04958
2.0345
1.94025
2.01565
1.93019
1.98046
2.04204
2.06968
1.99051
1.97418
1.94779
1.93648
1.98297
2.07219
1.93145
1.99554
2.03575
1.90381
2.00811
2.04078
2.03952
2.03827
2.11366
2.00182
1.92265
2.0546
1.97292
2.00559
1.97795
1.98926
1.9591
1.9591
1.97292
2.06465
2.02696
2.02319
2.04581
1.97795
1.99428
2.02193
1.988
1.99931
2.10361
2.00559
2.00434
2.02067
1.99177
1.98549
1.98172
2.05963
1.98297
1.97418
1.98423
2.00685
2.01188
2.01062
2.0169
1.98674
1.98423
2.01062
1.99051
1.98549
1.92768
2.00685
1.99554
1.97166
2.06591
2.01062
2.0257
1.98297
1.93648
2.08476
1.97669
2.01439
2.0257
1.99554
2.04204
1.97669
1.99303
1.98926
2.04204
1.95156
1.98172
1.97795
2.04204
2.02193
1.98046
1.97292
2.01942
2.07973
1.92391
2.03701
2.01565
1.96789
2.02947
2.02821
2.07471
2.00057
1.99177
1.94653
1.97166
1.94904
1.98674
2.04455
2.01816
2.01942
2.01565
2.0634
1.98674
1.97041
1.9591
2.01565
1.97166
1.92517
2.04329
1.9968
2.01439
2.02821
1.988
2.02696
2.04581
2.02067
1.90255
2.02319
2.11115
1.99303
1.9503
2.05083
1.9503
1.98172
2.06591
2.00936
1.96035
2.00434
2.0257
1.90883
1.96538
2.00811
2.01062
1.988
2.00685
2.05083
1.94025
2.01942
1.9968
2.0257
2.01313
1.92894
1.92642
2.0345
1.98046
2.00559
1.9591
2.01313
1.9503
1.9968
1.95533
2.07471
1.97418
1.988
1.98926
1.95658
1.99554
2.04329
2.03952
1.98423
1.97041
1.94779
1.98926
1.95658
2.03827
1.94904
1.99177
1.92517
2.00434
1.99177
1.97418
2.04832
1.97543
2.04958
2.03198
1.91386
2.03324
2.02193
1.96664
1.96664
1.94402
1.99428
2.0546
2.00057
1.99177
1.91134
1.93271
1.9591
2.02947
2.04078
1.93271
2.02821
2.06842
1.99805
1.98172
2.1011
2.05083
2.01816
1.99554
1.97795
1.98549
1.91763
1.98423
2.00936
2.03827
2.04078
1.98172
1.97166
2.0345
2.01565
1.96287
1.94653
1.93271
1.99554
1.9792
2.0634
2.04958
2.02193
2.04078
2.0169
1.92894
1.99428
1.96664
2.01062
1.9503
1.98926
1.98674
2.02319
2.00308
2.05963
2.01816
1.95784
1.9415
2.01062
1.99051
1.95533
2.03701
1.97041
1.99303
1.99051
1.99554
1.99931
2.02067
1.99177
1.98297
1.95407
1.98926
1.99805
1.98297
2.00811
1.9792
2.03073
2.07094
2.00434
2.00434
2.05209
1.89375
1.98046
1.95533
2.02696
2.0257
2.07596
1.95156
2.03198
1.91888
1.97292
2.02193
1.93899
2.02319
2.06717
2.05083
1.90632
1.95281
2.05711
1.97292
1.99805
1.988
2.02319
1.98046
2.04455
1.96035
2.05963
1.94904
1.92517
2.05334
2.05209
2.05837
2.07596
1.89752
2.03701
2.01565
2.02696
2.03827
2.03324
1.9968
2.06465
2.05083
2.04329
2.00685
2.03952
2.03073
2.05963
1.96412
1.99805
2.01942
1.96035
2.00811
1.98297
2.03073
1.92391
2.04958
2.00182
2.00182
2.00811
2.00936
1.98297
1.99805
2.05334
2.03952
1.93773
2.0634
1.96915
2.07219
1.96161
2.06088
2.0345
1.95784
2.03198
2.08602
2.0546
2.0345
1.98674
1.98046
2.0257
2.02319
2.04958
1.98172
1.98297
2.01565
1.99177
1.94025
1.97543
2.04204
2.03827
1.93522
2.03575
2.01188
1.96664
1.97292
1.98549
1.94276
1.98674
2.0345
2.00559
1.99554
1.9591
1.98549
2.0546
1.97669
1.97041
2.0345
2.02067
2.06214
1.94779
2.05334
1.97166
1.98674
1.98297
1.98046
2.00811
2.09481
1.9968
1.96915
2.02821
1.99554
2.02444
1.91511
1.99428
1.98046
1.93522
2.03198
2.1011
2.04329
1.9968
1.98423
2.07345
1.9591
2.00936
2.03952
2.04455
1.94402
2.01062
1.96789
2.02821
2.00559
1.97292
2.05837
1.97041
1.9792
1.96538
2.02696
1.97041
2.03827
1.99805
2.00685
1.98926
2.00559
1.98172
1.95407
2.01439
1.97543
2.02319
2.04706
1.96789
2.03198
1.98423
2.07094
2.05334
2.0345
1.96412
1.95533
1.94025
2.00559
1.95658
2.05837
1.9591
2.00685
2.07722
1.98549
2.0257
1.99805
1.97166
1.97669
2.04455
1.92517
1.96538
1.9792
1.95156
2.00308
1.97418
2.04455
1.98674
2.05334
1.92894
2.04204
2.02696
2.0345
2.00182
2.0169
1.99051
2.00811
1.93396
1.988
2.00811
2.06591
1.93145
1.93773
2.02319
1.97669
1.96287
2.05711
2.00559
1.97543
1.98046
2.01942
1.97166
2.05209
1.96538
1.98046
1.89752
1.97166
1.94904
2.00559
1.99805
2.00559
2.01062
2.01062
1.93271
2.03952
2.02193
2.00811
1.96161
1.98423
1.91386
1.96287
2.04455
2.00434
2.01565
1.988
2.01188
1.97166
2.06717
2.04204
1.96789
1.97543
2.00685
1.99805
1.97543
2.06968
1.95407
1.98172
1.95156
2.0169
1.99051
1.91637
2.02444
2.02193
2.05711
1.99805
1.93522
2.04455
2.00936
1.98549
1.96538
1.97166
1.97292
2.00057
1.99554
2.03952
2.00685
2.04204
2.00685
2.0169
1.9792
2.03701
1.97041
2.01565
2.03952
1.9968
2.00308
1.97418
1.95407
2.06842
2.0634
2.09858
2.03575
2.02696
1.99177
1.99428
1.95407
2.0169
2.05837
2.02067
1.98297
1.97166
1.98423
2.04581
1.99554
2.02193
1.99428
1.96664
2.07219
2.06088
1.9503
2.0169
1.988
1.97795
1.98674
2.02821
1.93773
2.02444
2.04455
2.01062
2.00057
1.98549
2.05209
2.05083
2.03198
2.00936
1.98172
1.95407
1.96915
1.99805
1.89878
1.9792
1.99303
1.93396
1.98423
1.97418
2.01188
1.99554
2.04832
1.96287
2.07219
1.95156
1.99554
1.99428
1.89375
1.93773
2.09607
1.94779
1.98423
1.99428
1.9415
1.92014
2.06214
2.01439
1.98423
1.98423
2.02444
1.96538
1.99805
1.96035
1.96664
1.98549
2.05837
1.97292
1.99554
1.94779
1.96412
2.04706
1.96161
2.04204
2.02947
2.0345
1.96412
1.95658
1.91386
1.96035
1.93522
2.04581
2.00308
1.97292
1.96538
2.00434
1.93145
2.11492
1.94527
1.95407
2.03198
2.05209
1.93522
1.92642
2.00685
1.97418
2.03198
2.01188
1.97795
1.97166
1.96789
1.96664
2.06214
1.96789
2.06214
1.9968
1.98172
2.0169
1.95156
2.05334
2.04958
1.97041
2.04204
1.96789
1.86611
1.92642
1.99931
1.99051
1.95784
2.01188
2.05334
1.95407
2.06465
2.00811
2.00434
2.02821
2.03575
1.93899
1.9792
2.01062
1.96915
2.03827
1.99051
1.98172
1.99554
1.97041
2.01816
2.03073
2.00057
2.03575
2.01816
2.00685
1.99051
2.04204
2.02696
2.0546
2.01816
1.99051
2.03827
1.98674
2.01816
1.98297
1.92768
2.01565
1.988
2.00685
2.06591
1.98297
2.02067
1.95784
1.9968
2.08979
1.9591
2.03324
1.91386
2.02319
1.94025
1.98674
1.97166
2.03575
1.97166
1.96538
1.9792
2.07219
2.03827
1.94276
2.01439
2.07094
2.01816
1.98297
2.0546
2.00434
2.00434
1.99428
2.01565
1.94779
1.988
1.97543
1.95281
2.0257
1.96664
2.04832
1.98297
2.02067
2.00182
2.02444
1.99931
1.98046
2.02444
1.98549
1.94904
2.03198
2.05083
1.98549
2.00811
1.97795
2.06214
2.01188
2.00057
1.97795
1.97543
2.03701
2.02193
1.97041
1.97669
1.98674
1.95784
2.05334
2.05083
1.93522
2.02947
2.00936
1.97795
1.95281
1.98423
2.00685
2.01188
1.99554
2.00182
1.99303
2.04455
2.00434
2.04078
2.03198
1.99303
1.92894
1.95281
2.04078
2.04455
2.04706
2.07471
1.9968
1.9591
1.95658
2.03073
1.98046
1.98423
1.99051
1.99805
1.91763
1.90004
2.03701
2.01565
1.88998
1.94276
2.02444
1.96287
2.11241
2.02319
2.04078
2.03952
2.07722
2.00936
1.98926
2.04078
2.0345
1.95658
2.04581
2.04706
1.99303
2.06717
2.00559
1.98172
2.07596
2.02319
2.04204
1.97418
2.00811
1.92265
2.01942
2.02947
2.03198
2.05209
2.04832
2.05586
1.99805
2.05963
2.01816
1.95533
2.01942
2.03073
1.93648
2.07094
1.96035
2.02067
1.92014
1.99303
2.07094
2.01313
1.93648
1.97041
1.97292
2.00936
2.0546
1.97418
1.96161
1.93396
1.99051
2.06591
2.00936
2.06088
2.06842
2.00685
2.03324
2.00811
2.03324
2.05334
1.988
1.93648
1.97418
2.02444
1.99051
1.91386
1.97543
2.02696
2.02319
1.9415
1.9968
1.95407
1.94402
1.99805
1.98046
1.988
2.02947
2.04706
2.02193
1.98549
2.06088
2.01942
1.9968
2.04958
1.98046
2.00434
2.04455
2.02319
2.00811
2.00057
1.9968
1.92517
1.98549
1.97292
1.99931
1.93522
2.06591
1.97166
2.00685
1.99428
2.06214
2.09356
1.99051
2.03827
2.05711
2.07094
2.01062
2.01313
2.00811
1.97041
1.95407
1.94653
2.03827
1.94653
2.07848
1.9792
2.04832
1.95533
2.01942
2.02193
2.01439
1.94025
1.92391
1.99303
2.04455
2.00936
1.98674
1.94402
1.98046
1.95658
2.00559
2.02444
1.98926
1.95407
2.03198
1.97292
1.98549
2.01942
1.93271
2.04078
2.05711
2.03952
1.99931
1.95407
1.93648
1.96035
2.04958
1.97543
2.0257
2.02067
2.05586
2.01062
2.05586
1.90129
2.00308
1.96287
2.02319
2.00936
1.93899
2.04832
2.03827
1.97166
2.00308
2.00308
2.01188
1.97166
1.96412
1.99303
1.99805
2.00182
2.05209
1.97292
2.04329
2.04455
1.94904
2.02444
1.9968
1.95533
2.0257
1.9792
2.03827
1.95156
2.0345
2.01942
1.988
2.01439
1.97669
2.0345
1.97041
1.96664
1.89627
2.03073
1.97795
1.99554
1.89124
1.94904
1.96412
2.02193
1.91511
2.02067
1.96664
2.01565
2.03575
2.08979
2.00434
1.95156
2.09733
2.02193
2.00559
1.95533
2.02696
1.98423
1.99931
1.96412
1.94653
2.02193
1.98549
1.97041
1.93145
1.99428
1.97669
2.04958
2.05334
2.05586
2.02193
2.00685
1.99428
2.00936
1.97669
1.94779
2.01188
2.00182
1.95784
1.99805
2.00936
1.97669
1.94779
1.99554
2.05586
1.95784
2.00434
2.03324
1.97041
2.01439
1.98926
1.93522
1.98926
2.07345
1.93271
2.03073
1.98172
2.06842
2.04455
1.988
1.96664
1.99303
1.92768
1.96915
1.93145
2.09733
1.95784
2.00685
1.93899
1.95658
2.05209
2.03952
2.03575
1.988
2.06968
1.98549
2.01816
2.05837
2.00559
1.99177
2.03701
1.95156
1.96161
1.96915
1.96664
1.91763
1.96789
2.00182
2.00308
1.98674
2.04581
1.97166
2.02444
2.01565
1.93019
2.02067
1.99931
1.99554
2.06717
2.03827
1.98423
1.98297
2.04204
2.00559
2.01942
1.96915
1.988
1.95156
2.07219
1.96915
1.99303
2.04455
1.9968
2.05334
2.07345
1.93773
1.99805
1.96412
2.0345
1.92265
2.00559
2.02947
1.99931
1.95533
1.93522
1.98926
2.00057
2.03952
2.03324
1.97292
1.90632
2.01565
2.01816
2.01188
1.96161
2.05334
1.97292
2.02947
2.04958
2.00559
1.9503
1.99805
1.9503
1.97795
2.07219
2.01816
1.95281
2.00936
2.00182
1.99805
2.00182
1.9968
1.98297
1.988
2.07471
1.9968
2.02067
2.01816
2.06968
2.04455
2.06465
2.03575
2.00811
2.0169
2.01439
2.00685
2.00182
2.02696
2.03701
1.97543
1.98297
2.0169
1.99554
1.99428
2.00685
2.00811
1.97166
1.94653
1.90506
1.90632
2.00936
1.93396
2.05711
1.98297
1.95784
2.07345
1.98046
2.04078
2.00057
2.00936
1.96915
2.03198
1.8925
2.03575
1.94402
2.05586
1.97418
1.94527
1.98549
1.91637
2.04455
1.99805
2.00936
1.99051
2.02319
2.01313
2.00434
1.98172
2.01188
2.01062
2.02696
1.96035
1.92391
1.98046
2.0634
1.97292
1.97669
1.98423
2.00559
1.99554
1.99428
2.00811
2.00559
2.0169
2.02193
1.98549
1.99303
1.93396
1.99554
2.09858
2.00559
1.98926
1.96789
2.02319
1.95658
2.01565
2.06088
1.97669
1.97795
2.03198
1.96664
2.04078
1.98926
2.05711
2.00559
2.00434
2.03073
1.91763
1.99554
1.96789
1.90381
1.93773
2.05837
1.94653
2.02696
1.97166
2.01313
2.01062
1.99805
2.00936
2.0169
2.06717
1.96538
1.99805
2.00057
1.99931
1.92768
1.91134
1.96287
1.9792
1.95407
1.94904
2.02193
2.04078
1.99931
2.02821
1.93522
1.98423
1.97669
2.06842
1.97292
1.93145
2.00936
1.95784
1.95407
2.03952
2.00936
2.03198
2.03324
1.96789
2.00182
2.02319
1.94779
1.99931
1.89627
2.00308
2.03827
1.99805
1.97669
2.00936
1.97041
1.99303
1.97041
2.00811
2.0257
2.06842
1.99931
2.0634
1.98423
2.08099
2.00434
1.96538
1.988
1.97292
2.00685
1.99051
1.96664
1.95407
1.94779
2.02947
1.98926
2.03575
1.96035
2.02067
1.98549
1.96664
2.01188
2.00685
1.97669
2.00685
2.05209
1.99303
1.84977
2.03701
2.04204
1.96161
2.01942
1.91386
1.9792
2.02319
1.99177
1.95784
1.99303
2.02444
1.97543
1.97041
2.04329
1.98674
2.03198
2.09607
2.04078
2.04078
2.02319
1.99428
2.02947
2.0345
1.99051
2.00685
1.98046
2.01313
1.98549
1.97795
2.03701
2.00559
2.03073
2.03575
1.96287
1.98297
1.95156
1.97669
1.96789
2.02319
1.988
1.96915
1.9792
1.9968
1.99931
2.02947
2.02067
1.98674
2.03827
1.96035
1.96287
2.0257
2.05711
1.99177
2.02821
1.98423
1.98674
1.97292
1.98046
1.97166
2.05837
1.96664
1.9792
1.96412
2.0257
1.99428
1.97041
1.86988
2.0345
2.06591
1.97292
2.05083
1.97166
1.93648
1.93522
1.93648
2.03198
2.02193
2.02193
1.98046
2.01816
1.9792
1.95407
2.00936
2.01942
1.95156
1.95533
1.99554
2.04706
2.01816
2.05209
2.0257
2.02444
2.01313
1.9792
1.96664
1.9968
2.06842
1.99051
1.96161
1.99805
1.9415
1.96161
1.92014
1.99931
2.02444
2.06591
2.02947
2.04455
1.99805
1.86988
2.03198
1.98674
1.97418
2.03198
1.9591
2.07094
2.05083
2.00434
1.98046
1.96287
2.04204
1.95533
2.05083
1.96161
1.94276
1.97543
1.95156
1.98674
2.03952
1.94779
1.98674
2.06717
1.92265
2.02067
2.02319
1.90632
1.99303
1.97292
1.97166
1.94276
2.05586
2.02193
1.97795
2.04581
1.99303
2.0169
1.97418
2.03701
2.06717
1.96287
1.96035
2.0169
1.98297
1.988
1.99554
2.02821
2.01439
1.91009
2.01439
1.9591
2.00936
2.02193
2.04706
1.99177
2.06591
2.00936
2.01942
2.0257
2.0546
1.99931
1.92014
1.94779
1.91763
2.01188
1.97543
2.06214
2.00685
2.04581
2.00685
2.04078
2.0169
1.97292
2.01313
2.01942
2.0257
2.03701
2.01816
2.02947
2.01062
1.99051
2.04832
2.01439
1.9591
2.05083
1.87867
1.98046
2.0257
2.02947
1.9792
2.02444
1.92768
2.00811
2.06968
1.99051
1.94904
1.97669
2.09356
1.94402
1.9968
2.07345
2.00936
1.96538
2.05963
1.99805
2.08225
2.07219
1.99428
2.03198
2.0345
2.00057
2.06214
1.96915
2.09733
1.98172
2.0257
2.05334
1.96915
2.00936
1.97669
1.94653
2.00057
1.98297
1.97795
1.99051
2.04455
1.95533
2.01188
1.9503
2.04204
2.01313
2.04706
2.06968
2.00559
1.98549
2.09607
1.99931
2.03198
1.9591
1.92014
1.99554
2.00057
2.04581
1.93773
2.0169
1.97041
2.03324
1.93019
1.98172
2.0345
1.95281
1.9968
1.98423
2.05334
1.99177
2.02193
2.0345
1.98172
2.0546
2.00182
1.93145
2.0257
2.00434
2.01188
2.01062
1.99177
2.06842
1.97166
1.96287
2.0257
1.988
1.96915
1.96161
2.0345
2.07848
1.98423
2.02319
1.97041
1.91888
2.01942
2.07471
1.93899
2.07848
1.99177
1.98423
1.98423
1.93773
2.00936
2.08476
1.93648
2.00936
1.96287
2.05586
2.05963
1.94527
1.9503
2.00434
2.01313
2.01942
2.01942
2.00936
2.08099
2.07094
2.02193
1.98046
1.9968
1.93648
2.0257
1.9503
2.00811
2.04706
1.9415
2.03324
2.03073
2.02444
1.96915
1.96664
2.01062
2.06717
2.00811
2.01816
1.97166
1.99051
1.96664
2.03575
1.97543
1.98297
1.99428
1.93271
2.05963
1.97041
1.94779
2.00308
1.97418
1.91511
1.95281
1.98172
1.98549
1.95281
2.01816
2.05586
1.95784
2.00182
2.06214
1.97292
2.00811
1.98423
1.99051
1.99303
2.05209
1.96035
1.92265
2.05334
1.99051
1.98423
1.98926
1.96915
1.94276
1.96538
2.03324
2.00182
2.00057
1.93522
2.00685
1.96915
2.04204
1.98172
1.96789
2.02193
1.96915
2.02696
2.03701
1.97041
2.10864
1.98549
1.94653
1.98423
2.02193
1.97166
1.90004
2.01313
1.98297
2.02193
2.04078
1.96538
2.04706
1.99303
2.01816
2.09481
1.95281
1.92894
2.11618
1.96035
2.03952
2.00182
2.05334
2.00434
1.92642
1.96412
2.00811
1.99931
2.01313
1.97543
2.06717
1.9792
1.97795
2.0634
1.98549
2.05963
1.93396
1.97795
1.9503
2.01942
2.07848
1.99428
2.15011
2.00057
1.99177
2.0345
2.04078
1.98046
1.97292
2.02067
2.02821
1.92265
2.0169
2.03198
1.98297
2.00434
2.07722
2.03575
1.99554
2.08602
1.988
1.98674
2.01313
1.97041
2.11115
2.03827
1.95407
1.97418
2.06968
2.06842
1.96538
2.03575
2.02821
2.00559
1.97041
2.02193
2.01565
2.01439
2.03324
1.99177
2.04706
2.04455
2.00434
1.9968
1.9415
1.97669
2.03575
1.95281
1.99051
2.05837
2.01188
1.92768
1.99303
2.00434
1.99428
1.94779
1.9415
2.00936
2.00182
2.0634
2.0169
2.02947
1.99303
2.0169
1.97418
2.04078
1.94779
2.02821
2.0169
1.93648
1.99177
2.07973
1.98549
2.01062
2.01062
2.02319
1.93019
1.95156
1.96035
1.97418
2.02067
2.00057
2.09481
1.9968
2.03952
2.05083
1.97292
1.96789
2.01565
1.99428
1.98172
1.97669
2.05586
1.94025
2.03575
2.00685
1.93019
1.98297
2.03701
1.98926
1.96915
2.04078
1.96789
1.988
2.03952
1.98046
2.00182
2.00936
2.02947
2.01188
2.00811
2.02444
2.00936
1.98172
1.96538
1.99554
1.98549
2.01942
2.03073
1.97041
2.04706
2.06842
2.05963
2.06591
2.03952
1.97166
1.99177
1.91134
2.03073
2.01439
1.91637
1.96287
2.02696
1.9968
1.98674
2.0634
1.95281
1.89501
2.02444
1.98674
2.01565
1.96412
1.97795
1.97041
1.97669
1.97795
1.98046
2.05209
1.98423
1.97669
1.97543
2.02947
1.99805
1.99303
1.99428
2.09984
2.02319
2.02444
1.99554
2.02193
1.94653
2.01062
1.98046
1.9591
1.99303
2.00308
1.99051
2.03701
2.05083
1.9503
2.04204
1.94527
2.03952
2.02444
1.96412
1.95533
2.00182
2.01188
2.02444
1.90883
2.07596
2.05083
2.02696
2.01062
2.01313
2.06088
1.93522
2.00434
1.96538
2.01313
2.04581
2.03827
2.01565
2.06465
2.09984
1.97795
2.04078
1.99428
2.02947
1.9968
2.03827
2.00559
2.02319
1.99177
2.03952
2.0169
2.00811
1.98549
1.98297
2.02444
2.00434
1.91009
1.95407
1.99177
2.07596
1.94904
1.94904
2.04329
1.92517
1.96538
2.07596
2.04078
2.05586
1.92768
2.06465
1.96412
2.00308
2.02319
2.03073
1.90381
2.03827
2.04078
1.93271
2.05711
2.02444
1.98046
2.05334
1.95533
1.95784
1.97041
2.03198
2.01313
1.95156
2.00936
2.00685
1.98926
1.9968
2.05837
1.988
1.93773
1.98423
1.99177
1.99303
1.99554
2.00308
2.00936
1.99303
1.988
1.97543
1.94904
1.95658
1.97669
1.95658
1.9968
1.92265
2.04958
1.96412
2.00811
2.03198
2.06214
1.99303
2.00434
2.02193
1.93271
2.00182
2.03324
1.91763
1.99805
1.93522
1.91134
1.92768
1.95281
2.01188
1.9792
2.00811
1.96538
2.01942
2.05209
2.05209
2.00057
2.02444
1.9591
2.03324
2.01188
1.97418
2.02444
2.01439
2.03324
2.04078
2.05334
1.94904
2.02821
2.01942
2.00936
1.99554
2.00057
1.99931
1.96915
1.98046
1.99805
2.02193
1.91134
1.95658
2.04078
1.95658
2.00057
1.93271
2.04958
1.99303
1.99554
1.97418
1.98172
2.02319
1.98046
1.95281
2.00685
1.96915
1.99051
2.03324
2.01565
1.90255
1.99554
1.95658
1.99931
2.00182
1.93019
1.97166
1.94779
2.00685
1.9792
2.00559
1.97543
1.90758
1.96035
2.02696
2.00308
1.99428
1.99177
1.97543
1.96664
2.06214
1.99303
2.06717
2.01816
2.03324
1.9503
2.01313
1.92265
1.93648
1.97795
2.06214
1.92894
1.95156
1.97418
2.00057
2.00182
2.03198
1.99303
1.95281
1.96412
2.05586
2.10235
2.01942
1.99931
2.03324
1.97292
1.96161
2.02696
1.988
2.05837
2.08979
2.02444
1.92894
1.97543
2.0345
2.00434
2.0169
1.99303
2.05837
2.07848
2.00434
1.97669
2.07219
2.0546
1.98549
1.96161
2.02193
1.95533
2.0546
2.03952
1.99428
2.02319
1.99428
1.98423
2.01565
2.03073
2.05586
1.95784
1.95658
1.98423
1.99303
1.94653
2.01816
1.95407
2.0257
2.00057
1.97543
2.07848
1.91888
1.9503
2.02319
1.99931
1.97292
1.96538
1.96664
2.05711
2.08979
2.0257
1.99554
2.00685
1.97795
2.02067
1.98549
2.02193
2.06717
2.00559
1.99428
1.96664
2.00685
1.93522
2.02444
2.04455
2.0546
2.01313
1.92391
2.03198
1.96664
2.02947
2.06842
1.97292
2.06968
1.97669
1.98297
2.02821
2.0257
2.0257
1.99805
2.03827
2.00685
2.13377
1.99303
1.97669
2.04706
2.00308
1.96412
2.01816
1.97041
2.01062
1.96538
1.98549
2.01313
2.04581
2.00936
2.11995
2.02696
2.0835
1.988
1.93648
2.08979
2.03827
1.96161
1.96664
2.00057
1.98297
1.98926
1.97795
1.96789
1.97166
1.92265
2.01816
2.05334
2.06717
2.04204
2.03827
1.92894
1.9968
1.95658
1.98674
2.02319
1.92391
1.96287
1.96287
2.04329
1.96789
1.94904
2.03575
1.9968
1.96915
2.00057
2.03701
1.98297
1.98674
1.97669
2.06717
2.00559
1.95407
2.0257
1.96161
2.00434
2.10989
1.97166
1.98172
2.02821
1.96915
1.96664
2.03198
2.02696
1.96915
2.10487
2.02067
1.96538
2.0345
1.94402
2.04329
1.9968
2.01565
1.93271
1.9968
2.05586
2.02444
1.94904
2.0169
1.96035
2.05837
1.97418
1.91511
1.91511
1.98674
2.00811
1.94653
2.06842
1.98172
1.9968
1.9968
1.98926
1.93899
2.06088
2.14005
1.90758
1.95533
2.00936
1.97166
1.96287
2.03198
1.99931
1.99931
1.99805
1.97543
2.00434
1.93271
2.04078
1.95784
1.99805
2.0169
2.00811
2.03575
2.05963
1.97166
1.98674
1.9968
2.06591
1.96035
2.02067
2.02067
1.988
2.05083
1.93522
1.98423
1.99177
1.96789
1.95658
2.04706
2.1011
2.04329
2.0257
1.97543
1.96035
2.01439
1.98674
1.96915
2.04455
1.97041
1.99554
2.00434
1.98172
1.9792
2.04706
2.01439
2.03952
1.97795
2.00559
1.97292
1.97795
1.95156
1.94025
1.92768
1.8925
2.0169
1.99931
1.94527
1.98046
1.94653
2.02444
2.00182
2.01565
1.98549
1.97795
2.07848
2.00308
2.06591
1.99931
2.0345
2.01565
1.94653
2.01816
1.9503
2.02696
2.0345
1.97543
1.99428
2.05711
1.9415
1.99931
2.03324
1.97543
1.91134
2.05083
1.988
1.97041
1.94779
1.97166
1.9415
1.99554
1.93773
1.98046
1.96035
2.03827
2.00811
1.96789
1.98926
2.0345
2.09104
2.01565
2.04204
2.02821
2.06968
1.96412
2.10235
2.01188
2.02319
2.03827
1.99428
2.00182
2.00057
1.99554
1.98926
2.05334
1.97041
2.03575
1.95407
1.96664
1.97543
1.99177
1.9126
2.06968
2.00434
1.97795
2.02319
1.94402
2.00434
1.9792
2.00308
2.06088
2.05334
1.988
2.01942
2.04581
1.9792
1.98549
2.04329
1.99428
2.06842
2.01816
2.03324
2.03575
2.0345
2.02319
2.02444
2.0634
2.00182
1.97041
1.93396
2.02821
2.01439
1.98172
2.00811
1.99303
1.98172
2.03701
1.99051
2.05963
2.00182
1.98423
2.03198
2.02067
2.02444
2.03952
1.98046
2.04078
1.97795
2.00057
1.90381
2.00936
2.00559
1.95784
1.99805
2.00434
1.94025
1.99805
1.94527
2.06465
1.99303
2.00685
1.97795
1.9503
1.9503
1.98046
2.01062
2.08853
1.98926
1.99428
1.98423
1.99428
1.96035
2.00811
2.05837
1.99428
1.98046
1.96287
1.99428
2.07596
1.95281
2.00308
2.00057
2.01188
2.08225
2.03575
2.00811
2.05083
2.03952
2.02193
2.03575
2.06591
2.06591
1.95533
1.988
2.0345
1.99554
1.98926
2.06968
2.00559
1.96664
1.97418
2.05209
1.96538
1.9415
2.07094
1.97669
2.00811
1.95533
1.98172
1.94779
1.99177
2.07722
1.96161
2.0345
1.93396
2.00936
1.95281
2.00057
2.05083
1.99051
1.95156
2.05963
1.90004
2.03827
1.98926
1.98926
1.97418
2.01816
1.94779
1.97543
1.9415
2.04204
2.07094
1.94276
1.97669
2.02947
1.95784
1.94025
1.98297
1.96287
2.05586
2.00811
2.10487
2.07722
1.988
1.88244
2.00308
1.97292
2.06717
2.01565
1.98423
2.01062
1.95407
1.97795
2.08853
1.99177
1.94402
1.9792
2.04581
1.99805
2.08853
2.00559
1.97669
1.96915
1.96538
2.04581
1.96161
2.01062
1.988
2.00057
2.00936
1.93773
2.01565
2.00559
1.96035
2.02696
2.04329
1.96035
2.03701
1.98549
2.01062
1.98674
1.99931
1.95784
1.98926
2.02193
1.99051
2.05083
2.00936
2.0169
2.02193
2.00685
1.88747
2.03073
1.9503
1.95281
1.99051
2.02947
2.03701
1.94527
1.97543
1.93522
2.02193
1.93522
2.03198
2.01313
1.95281
2.07973
1.86862
1.95281
2.00182
1.96412
2.02444
2.01565
2.00182
1.99177
2.02696
2.02821
1.9968
1.96035
2.04329
1.99428
1.96915
1.9792
2.05083
1.94904
2.01942
2.01313
1.92768
2.02444
2.00182
1.96412
1.988
2.06968
2.00936
2.04329
2.00182
1.96412
1.94527
1.97543
2.01565
1.95784
1.93396
1.96287
2.03952
1.97418
1.93522
2.00182
2.00308
2.04581
1.93522
1.99051
1.91888
1.92894
2.03701
1.92894
2.06842
2.0257
1.97166
2.04581
1.96035
2.01062
2.02444
1.9968
2.0345
1.97418
1.98297
1.94527
2.03198
1.99177
2.00559
1.98926
1.97543
2.11115
2.04078
2.07596
2.03952
2.00182
2.09607
2.02696
2.01062
2.04329
2.0169
2.05083
1.9792
1.97543
1.988
1.99554
2.00182
2.03073
2.00811
2.04958
1.96538
1.98549
1.93773
1.99177
2.00182
2.02444
1.96664
2.03073
2.06717
2.02444
1.97669
1.97041
1.95533
2.02444
1.96915
2.05586
2.09481
1.97795
1.94904
1.97669
2.02696
1.95533
1.988
2.05209
1.92265
2.07722
1.97543
1.96789
1.95407
1.98297
2.06214
2.06842
2.07722
2.02696
1.99554
2.00685
2.04455
1.98423
2.02319
1.99177
2.07345
1.97795
2.04832
2.02696
1.98172
1.97041
1.96161
1.96664
2.03575
2.01313
1.97669
2.02319
1.90758
2.03198
1.98423
2.02193
2.01439
1.93648
2.00936
1.96161
1.96412
1.82464
2.01565
2.00434
2.05586
1.99177
2.0345
2.02319
1.94025
2.03198
2.01816
2.04078
2.01313
2.01313
1.95156
2.04706
2.01188
1.98674
2.00182
2.00559
2.01565
2.06214
2.00685
1.99177
2.03324
1.93019
2.00685
1.988
1.99303
2.03952
2.06968
1.98046
2.02067
1.96035
1.95658
2.03575
2.01062
1.94904
1.98926
2.05334
2.03701
1.97669
1.988
1.96915
2.04204
2.00936
2.01062
2.04581
2.05083
2.00559
2.00057
1.95533
2.02067
1.93773
1.988
2.01565
2.0345
1.96664
2.04455
1.9968
1.97041
2.01062
1.96915
2.04078
2.00559
2.00559
1.9214
1.98549
1.9792
2.02444
1.97041
1.95281
2.05334
2.02067
1.98926
1.98297
2.03701
2.01565
1.95281
1.98926
1.96789
1.97669
1.95533
1.96161
1.98926
2.02067
2.02067
1.96789
1.93522
1.93899
2.04706
2.02067
1.9968
1.94904
1.99805
2.0257
2.02947
1.99428
1.94779
1.92894
2.0257
1.96915
1.98674
1.91511
2.01188
1.93648
2.01313
1.97166
2.02444
1.96035
2.02947
2.05083
2.04204
2.00811
1.93648
1.9214
2.08476
2.00559
1.92265
1.96538
1.96538
2.0345
1.90758
1.99428
1.96287
2.03073
2.03575
2.01816
2.00685
2.02821
2.13377
2.01816
1.9503
2.03324
1.95658
2.03073
2.03324
2.0345
1.9415
1.87742
2.00057
2.05083
1.9792
2.02067
1.96664
2.06968
2.04455
1.98926
1.98046
1.96412
2.05963
2.01188
2.02319
1.97543
1.94276
2.02696
2.01942
1.98674
2.03198
2.01188
1.93145
1.95658
2.06465
2.02696
1.9792
1.98423
1.99428
1.9503
2.00308
2.00308
1.98549
1.99177
1.98046
1.99931
2.06842
2.01313
2.06088
1.91386
2.04329
1.9415
1.94779
2.06591
1.96161
2.00811
2.05963
2.01942
2.11115
1.99931
1.90758
2.03073
1.96287
2.00936
1.99805
2.05837
1.97041
1.9591
1.99177
1.97795
1.97418
1.95281
1.98297
2.07345
1.99428
2.01942
1.93271
2.06465
2.02193
2.01816
2.07722
1.99051
2.00559
2.07219
1.92894
1.9968
2.06717
2.00559
2.0546
2.05083
2.04078
1.98674
1.97418
1.98926
1.99177
2.07848
1.91009
2.02193
1.96287
1.97166
2.07596
1.96412
1.97543
1.99303
1.99051
2.06968
1.96035
1.95156
1.96412
1.94276
1.99554
2.04832
1.88998
1.99554
1.97166
1.98674
2.0345
1.99051
1.93522
1.98297
2.01188
2.05963
1.99805
1.98297
2.07345
1.90129
2.07722
2.0923
2.01188
1.99931
1.93145
2.03324
1.96161
1.96915
2.04078
1.95281
1.98172
2.02319
2.0345
1.988
1.9503
2.05586
2.02947
2.03575
1.95784
1.99931
2.01816
1.97669
1.96287
2.00182
1.98297
2.00811
1.91637
2.01942
2.05083
1.95407
2.01816
2.0257
2.00685
2.03198
2.03073
2.00685
2.03073
1.92517
2.08602
1.99303
2.00559
2.0345
2.02319
1.93396
2.06214
2.00182
1.94276
1.98297
2.02821
2.04832
2.02193
2.08602
1.9792
1.99428
1.97669
1.99428
2.00182
1.97543
1.97292
2.04706
1.99428
2.02444
1.96161
2.06088
1.99428
2.02444
2.04204
1.99303
2.04706
1.99805
2.05083
2.01942
1.93522
1.96161
1.97166
2.03952
2.01062
2.04581
2.00182
1.90255
2.02821
2.00559
2.09984
2.0345
1.8837
2.05711
2.04581
2.03575
2.07848
1.97418
2.04078
1.9968
1.98297
1.9415
2.00559
1.97292
2.01816
2.01565
2.04581
1.96035
2.03827
1.97292
2.04078
2.00182
1.96412
1.99177
2.06088
2.05711
1.98674
2.01565
1.90632
1.97292
2.00057
1.96915
2.02444
1.98046
1.97669
1.97166
2.03827
2.04581
1.98172
1.9792
2.03827
2.01188
2.02821
2.0546
1.90255
2.06717
2.00936
1.93522
2.03324
2.01816
1.9503
2.01565
2.03827
2.04329
1.98674
2.04832
2.00811
2.07219
2.03324
1.9792
1.98423
2.01062
1.9968
1.98172
1.98297
2.05837
2.01565
2.00811
2.02319
2.04958
2.07094
1.9415
2.02193
1.98172
2.02947
2.00685
2.03827
2.00434
2.02947
2.07345
2.04832
2.0345
2.02193
1.99931
1.93648
1.99554
2.03198
2.03575
1.99428
1.97292
1.99051
1.97292
2.03827
2.01565
1.98046
2.02193
2.05837
1.94527
1.95533
1.91888
1.94276
1.98423
1.97292
1.93899
2.04078
1.9214
2.00182
2.00057
1.94904
2.07848
1.97669
1.98549
2.03073
1.92894
1.97795
1.94779
2.01942
2.06088
1.96035
2.05083
2.04455
2.04706
2.0257
1.988
2.01062
1.94779
2.05711
1.96035
1.99051
2.05837
1.97669
1.98046
1.98297
2.01816
2.04329
2.04078
2.01816
2.05083
2.07596
2.04581
1.98674
1.99051
1.98423
2.01565
1.92014
2.02319
2.01188
2.03073
1.99931
1.97166
1.99805
1.90255
1.94025
1.99428
1.95281
2.04455
1.99428
1.96664
2.00559
2.05083
1.94527
2.00811
2.04204
2.00182
2.03324
1.98297
2.02821
1.99554
1.92265
2.0345
1.95281
2.00434
1.99428
1.97418
2.00057
1.97166
2.02444
2.04958
2.0634
2.00057
2.02821
2.0345
2.01942
2.08979
1.98549
2.0169
2.00057
1.98423
2.0546
2.0345
2.07596
1.99428
2.01313
1.99805
2.02696
1.98297
2.02947
1.97669
1.96789
2.04078
1.98926
2.07722
2.04329
1.92265
1.93396
2.05209
1.98674
2.00057
2.02193
2.01062
1.97543
1.9503
1.90255
1.96287
2.01439
1.99177
2.02319
1.9968
2.00559
1.95156
1.98297
1.97292
2.03073
2.03073
1.9968
1.98423
1.92894
1.99177
1.94025
2.00308
2.0345
1.97669
2.0257
2.00057
1.92894
1.988
1.99051
2.00182
1.95281
1.95533
1.92642
1.9591
1.94653
2.01062
1.98549
1.94527
1.99428
2.04455
2.01565
1.95658
1.89627
1.9968
2.05334
1.98674
2.07094
2.00182
1.99805
1.96412
2.0257
1.97041
2.07094
2.02696
2.00057
1.95533
2.03073
1.91637
1.91763
1.95281
1.92642
1.98172
2.00685
2.00057
2.02444
1.99554
1.99051
2.04204
1.98549
2.01188
2.0257
1.98549
1.94402
2.10864
1.97292
1.88747
1.96287
2.04204
1.96789
2.01313
1.94904
1.98674
2.07219
1.90004
2.05586
1.93773
1.93899
1.99303
2.03324
1.9968
2.00057
2.07345
2.05711
2.06088
1.99428
1.95156
2.0345
2.09607
1.98674
2.02947
2.00811
1.97418
2.07219
2.07219
2.02067
1.92265
2.00057
2.02319
1.98674
2.02821
1.94904
1.98046
2.02444
2.00936
2.01313
1.97418
2.04706
2.03575
1.97795
2.0835
2.01062
2.01942
1.91888
2.02067
2.00559
1.97041
1.97166
1.96035
2.00434
1.96035
1.96161
1.99428
2.04455
1.96161
2.02067
2.00811
1.9968
2.02444
2.05209
2.02444
2.07094
2.01816
2.05334
2.03827
1.9968
1.92768
2.03827
1.95156
2.00057
1.95533
1.9415
2.00559
1.96161
1.95407
1.96915
2.07345
2.03198
2.07219
2.01313
2.03701
1.96664
1.99177
1.93271
1.9591
2.00434
1.9503
2.01565
1.99051
2.0634
1.96538
2.01062
2.01062
2.05083
1.94527
1.94025
2.03198
1.97669
1.988
2.00811
2.00559
2.02696
2.08727
2.04706
2.04706
1.98926
2.01439
1.96161
2.08225
2.05837
1.93522
2.00936
2.02067
2.01816
1.95156
2.00936
2.00936
1.97543
1.98423
2.02444
2.02821
2.0634
2.03701
2.06088
1.96664
1.96915
2.03073
1.94276
1.99051
1.93899
1.96538
2.0835
2.08727
2.05711
1.94276
2.06214
2.07219
1.9792
2.07722
1.97418
1.96412
2.02067
2.00057
1.98926
1.95407
2.09481
2.00936
2.00559
2.05711
1.9591
1.95156
1.94527
1.96789
2.04832
2.09858
1.99177
1.988
2.05837
1.96664
1.94779
2.01188
2.05209
1.91637
2.04581
2.06214
2.06465
1.97795
1.96538
2.00308
1.92894
2.00057
2.02444
1.96789
1.94779
2.03575
1.96287
2.0169
1.95407
2.04455
2.01816
1.99177
1.93145
2.01816
1.99931
1.99931
2.03324
1.9792
1.99554
2.01188
2.00559
2.0257
2.04958
1.9792
2.0257
1.9968
1.96915
1.99931
2.05963
1.96035
2.00308
2.0345
1.97418
1.98046
1.94779
1.99428
2.02067
2.00936
2.03073
2.03575
1.95784
1.99931
1.99051
1.97669
2.03827
1.93019
2.02444
1.99051
2.02696
1.95533
2.04204
2.08225
1.95784
1.9591
2.03952
2.00559
2.04706
1.98549
2.02821
1.9792
2.04204
1.92768
2.03073
1.98046
1.93522
1.94779
2.00936
2.01565
2.04581
2.02821
2.00308
1.96412
2.09607
2.05711
1.93648
1.96161
1.97166
2.0169
1.97418
2.0546
2.0257
2.05209
2.02067
2.01816
1.99805
1.97543
1.97041
1.95784
1.92642
1.98423
2.02821
1.96035
1.94653
1.95156
2.02696
2.01062
2.07722
1.96287
1.97041
1.95156
1.9968
2.05963
1.9415
1.988
2.00685
1.88621
1.96412
1.96538
2.0345
1.9591
2.04832
1.98046
2.00434
1.90129
1.9792
1.99051
1.93648
1.93773
1.96789
2.08476
2.03952
1.96287
2.02444
1.99554
1.98046
2.01062
1.95281
1.9591
1.98549
2.05334
1.97418
1.96412
2.01942
2.02319
2.01062
2.01188
2.03952
1.93899
1.99051
2.08099
1.96915
2.01942
1.97292
1.988
1.96287
1.95156
2.02067
1.9968
2.00057
2.05586
1.9968
1.95156
1.94402
1.93271
2.01439
1.9415
1.96538
2.01062
1.96287
1.9968
2.00559
2.02319
2.01188
2.00182
1.96915
2.04832
1.95533
2.04832
2.01942
2.04204
1.97041
1.99805
2.04958
2.00811
1.91888
1.96538
1.92517
1.99428
2.02696
1.97795
2.00811
1.97166
2.07094
1.95784
1.99931
1.9968
2.00057
2.06465
1.97543
2.05334
1.99177
2.03827
2.01565
2.0345
2.01942
2.06088
2.0169
2.01439
1.99554
1.95533
1.96538
1.98549
2.02067
2.00434
1.99554
1.98674
2.0257
2.00308
1.98926
2.02696
1.95658
1.98423
1.99303
1.99554
1.93648
1.97795
1.98297
1.98549
2.01062
2.04204
2.00182
1.95281
2.02067
2.05586
2.03827
2.02696
1.93648
1.96412
2.01565
1.9126
2.00308
2.03073
2.00434
2.01942
1.96161
2.00182
1.988
1.99554
1.95784
1.95156
1.98549
2.04078
2.01565
2.02821
1.99428
2.00685
2.02821
2.02067
1.95533
1.99805
2.02067
1.96412
1.96538
1.98549
2.00308
2.0169
1.94025
1.96412
1.98046
2.02193
2.0345
1.97543
2.03827
1.9503
1.96287
1.98423
2.03073
2.01942
1.99428
2.00057
1.97543
1.95407
2.04832
1.95784
2.03827
2.06591
2.00559
1.96538
2.06591
1.96789
2.0169
2.02067
1.95156
2.0257
2.10487
2.05586
2.00434
2.03701
1.98549
1.96412
1.94653
1.95784
1.93648
1.97166
2.07094
1.99051
2.0169
2.01188
2.08853
2.02444
2.01942
2.05586
1.9591
2.08727
2.02193
2.00182
1.98926
2.05837
1.99177
2.00434
1.92642
2.04581
1.97543
1.98926
1.98423
2.00811
1.93773
1.91637
2.0169
1.98674
2.03073
2.01942
2.00559
2.05209
1.97669
1.99554
2.01816
2.00811
2.03324
1.97795
2.06842
2.03324
2.04706
1.99931
1.98674
2.02067
2.00057
1.99177
1.8749
1.95281
1.9591
2.01313
1.9503
1.97292
1.95156
1.95156
2.00685
1.99428
1.99303
1.98046
2.01816
2.05586
1.92894
1.94402
2.00057
1.988
2.01942
2.04204
1.96161
1.91763
2.05586
1.96161
2.01942
2.06968
2.02444
1.86862
1.97543
2.00434
2.0345
2.0169
2.06214
2.02696
2.01313
1.99428
1.98549
1.99931
2.04832
2.00559
1.96412
2.08099
1.96789
1.94779
2.01439
1.96538
1.96161
2.01313
1.96664
1.95784
1.99428
2.07094
1.99931
1.98674
1.97543
1.98046
2.06968
1.99051
1.97543
1.9792
1.96161
2.01188
2.00308
2.03952
2.00057
1.92391
1.99554
1.94025
1.97795
2.00936
1.94402
1.89878
1.97166
2.04455
2.05963
2.04958
1.97795
2.0345
1.97292
1.97418
1.92391
1.97669
2.0257
1.99931
2.05837
1.92894
1.93648
1.9792
1.95784
2.04455
1.87742
1.94276
1.96664
2.11492
2.02444
1.98046
1.94527
2.06465
1.94025
2.02193
1.98046
2.01816
1.93648
1.9792
2.01062
2.02696
2.10612
1.98423
1.94276
2.07722
2.00685
1.95156
1.96412
2.06088
1.94904
2.07848
2.03198
1.97669
1.92517
1.97166
1.97795
1.90129
2.06088
1.99805
2.02696
2.05586
2.05083
2.00182
1.9591
2.04581
2.00936
2.02696
1.97418
2.02821
2.05586
1.95156
1.97669
1.95156
2.00811
2.0257
1.95533
2.05083
2.02193
2.00057
1.96035
1.96161
2.00559
1.99554
2.05586
2.02193
1.97418
1.99177
1.98549
2.04078
1.95533
2.01439
1.97418
2.02696
2.01062
2.03701
1.96412
2.01188
2.01565
1.99931
1.9792
2.00308
2.07471
1.9591
2.00811
1.98423
2.06591
1.96664
1.9792
1.99303
2.04329
1.96161
2.03073
1.98926
2.02947
1.96035
1.96035
2.00811
2.00434
1.9968
2.03324
2.00057
2.06591
2.01565
2.00559
1.98926
2.07345
2.04329
2.03575
1.97041
1.92391
2.05586
1.99805
1.97041
2.04832
2.05963
2.00811
1.96287
2.05711
2.0345
1.93522
1.91511
2.02319
2.03073
2.04204
2.04455
1.94025
2.01942
2.01313
1.96538
2.02444
1.9591
1.96035
1.97543
1.98423
2.03952
2.01942
2.02444
1.96412
1.9968
1.9792
1.90883
1.99303
1.98046
2.01062
1.96161
2.05334
1.988
1.98674
2.00308
2.02821
1.98172
1.98046
2.03952
2.01942
2.0257
2.01439
2.04329
2.03952
1.93145
1.98046
1.99428
2.01313
2.02444
2.02193
2.03952
2.01313
1.98926
1.98172
1.96538
2.00685
1.95281
2.01816
2.05963
2.01062
1.96287
2.06842
1.95784
1.96161
2.01188
1.96915
2.03198
2.05586
1.93271
1.96664
2.00936
2.0345
1.97543
1.96538
2.03827
2.04581
2.01188
1.94779
1.92768
2.01188
2.01439
2.04832
1.99051
2.02067
2.05711
2.03952
2.00559
2.07471
2.00182
1.95407
2.03701
1.9503
1.99931
1.98926
1.98297
1.94904
2.01942
1.92391
1.99805
1.94779
1.97041
1.97292
1.92642
1.99931
1.97669
1.94904
1.9503
2.05963
2.00811
1.95407
2.04958
1.96538
1.97041
1.93396
1.97669
2.02444
2.02067
2.08979
2.03324
1.93396
2.01816
1.97543
1.90883
1.98674
1.98046
2.03324
1.98926
1.99428
1.94653
2.0257
1.99428
1.99805
1.99931
1.96412
1.96664
2.00936
1.95533
1.91637
2.0345
1.96915
2.08225
2.0634
2.03575
1.95533
2.01816
2.15639
2.0169
1.97418
2.02444
1.9968
2.03073
1.97166
1.96664
1.96538
1.95658
1.95407
1.92894
1.88747
2.05837
2.08225
2.06842
1.96287
2.02947
2.04204
1.9591
2.05711
2.02319
2.01313
2.03073
2.01062
2.01062
2.01816
1.93899
1.93773
2.03952
1.98172
2.0257
2.05209
2.00057
1.93396
2.00811
1.97669
2.01816
1.97041
2.00182
1.97418
2.05586
1.9968
2.01565
1.98046
1.92768
2.01188
2.08727
1.92517
2.02947
1.88747
2.03073
2.01062
2.02319
2.00811
2.06214
1.95156
2.01313
2.01313
2.00559
1.98172
2.03952
2.01062
1.98046
1.96287
2.03324
2.03324
1.97669
1.97418
1.94653
2.03701
1.95784
2.04329
1.90883
1.97669
2.03324
2.0169
2.08099
2.01188
1.98297
1.97292
1.96538
1.99428
1.94402
2.04455
2.02696
1.89752
2.00811
2.01816
1.98926
2.0257
2.02444
1.97166
2.04204
2.06088
1.96035
2.01565
2.09607
1.99177
1.97795
2.04706
1.97669
1.95156
2.00811
2.05586
2.04329
2.02696
2.00308
1.98172
1.95407
2.08727
1.92894
1.90883
2.0257
2.04329
1.97543
1.96412
1.96161
2.00434
2.05711
2.07848
2.01188
1.988
2.04204
1.96789
1.98674
2.0169
1.98423
2.03324
2.00308
1.97418
1.95407
1.9792
2.02193
2.05334
1.95156
2.04832
1.99554
2.08476
2.00434
2.02821
2.02067
2.03198
2.00559
2.01313
2.00559
2.0257
2.09104
1.99805
1.9792
1.94527
1.99554
2.08602
1.92894
1.9503
2.04078
1.97041
1.93899
1.92391
2.10612
2.0257
2.00434
1.99051
1.97418
1.98046
2.01565
1.91134
1.99931
2.02067
2.04078
2.00685
1.9415
1.9968
2.0835
2.01062
2.07219
2.00936
2.00057
1.96915
2.03198
1.97795
1.98423
1.9792
2.05083
2.02696
2.02947
2.01062
2.0835
2.05334
2.04078
1.99554
2.09481
2.00936
2.00434
2.00182
1.99051
2.06968
1.99931
2.00559
1.94653
2.01816
2.02193
1.96412
1.96412
1.98297
1.96161
2.03952
1.98674
2.01565
2.01439
1.98423
2.08853
2.03701
2.00685
1.97041
1.95784
1.96161
1.99428
2.01062
1.98423
1.97041
1.99051
1.95407
1.97292
1.9968
1.95533
2.07722
2.00182
1.96915
2.02947
1.94276
2.05334
1.98674
2.03073
1.96035
2.00057
1.90758
1.93773
1.99051
1.92517
1.988
1.97669
1.99428
2.03198
1.89375
1.988
1.98046
2.02821
2.00559
1.99051
1.98172
2.03827
1.99177
2.04832
2.04581
1.97041
2.00057
2.0345
2.03575
2.04455
2.05209
2.06214
2.08099
2.00559
2.01313
2.04078
2.04581
1.94527
1.94276
2.03827
2.04204
2.02696
1.99303
2.02821
2.0345
1.97292
2.00182
2.04832
2.00685
2.06968
2.06842
2.01188
2.00559
2.05334
1.99428
1.9968
1.9968
2.01942
1.96161
2.01942
1.93522
2.00936
1.99177
1.97795
2.01565
1.98926
1.93648
1.97543
2.06842
1.98172
2.01565
2.04706
2.06465
2.02193
2.00308
1.95156
2.04581
1.94779
2.04958
1.95156
1.94904
1.96287
1.98172
1.98674
1.96035
2.02947
2.03701
2.03827
1.92642
2.02947
1.90129
2.01816
1.988
2.00057
1.93271
2.00308
1.97795
2.00434
2.06214
2.05209
2.0546
1.99805
1.96035
1.9792
2.02821
2.06465
2.04329
1.99554
1.98046
2.00308
1.97418
2.02319
2.00685
2.0634
2.02947
2.00308
2.01062
2.0169
2.00182
1.99931
2.06591
2.03575
2.00685
1.98297
1.98046
1.93773
1.988
1.98549
1.97166
2.00936
2.07596
2.03073
1.9415
1.95156
1.95784
1.92642
2.09481
2.06717
1.96789
2.08476
1.90129
2.03073
1.98674
2.01565
1.90004
2.06717
1.93019
2.00057
2.03575
2.01439
1.99177
2.01062
2.04958
2.04832
2.05711
2.02193
2.04078
2.02444
2.0169
1.97795
2.04078
2.02821
2.01565
1.95281
2.01816
2.00434
1.95156
1.94904
2.10235
2.02067
1.96035
2.05963
2.02319
2.02821
1.95156
2.04958
2.04706
2.00057
2.01188
1.97795
1.99428
2.00308
1.99554
1.99805
2.01816
1.99428
1.99051
2.0345
2.02319
2.03701
2.08225
1.98926
2.00308
1.9591
1.9968
2.0546
1.94904
2.02319
1.96789
1.9968
2.02193
2.02067
1.96287
2.0257
1.94276
2.00434
2.05586
2.04581
2.10738
2.04078
2.00811
1.97166
2.02319
1.97795
1.93773
2.00811
2.07471
1.99051
1.98172
2.05837
1.96287
2.00936
1.9792
1.97166
1.9591
1.91511
2.02444
2.04204
2.03952
1.93522
2.03575
1.9792
1.92894
1.97669
2.01942
1.98549
1.98046
2.00434
2.04078
1.94025
2.03952
2.00685
2.0257
2.03198
1.99051
1.98423
2.02444
2.06088
1.92517
1.94402
2.01188
2.03701
1.97166
1.97669
2.05963
2.01565
2.00434
1.98046
2.04204
2.03701
1.96789
1.99805
2.01942
1.98549
1.91511
2.01942
1.95156
2.0345
2.06842
1.92894
1.97041
2.0257
2.00936
1.96287
2.02319
2.06088
2.06088
2.0835
2.00057
2.02067
2.04581
1.95407
1.99554
1.988
2.04958
1.99428
2.05963
1.988
2.06591
1.95658
2.02821
1.94653
1.98046
2.00308
2.05083
2.00811
2.04078
2.04706
2.02696
1.99931
1.97795
2.01062
1.93899
2.03324
1.97669
1.99554
2.0169
2.08727
2.00182
1.9792
2.00559
2.00308
2.00308
2.00057
2.00434
1.99554
2.00434
1.98172
1.96915
1.98926
2.00811
2.04832
2.01942
1.99303
1.9591
1.96035
1.93396
2.02821
1.99051
2.0169
1.95156
2.00434
2.00811
2.01313
2.0257
2.00559
2.00057
2.04706
1.93271
2.01188
1.99303
1.9126
2.05711
1.92265
2.01188
2.04204
1.99428
2.05837
2.05209
2.0257
1.99931
2.0257
2.0169
1.95784
2.00559
1.97543
1.98926
1.99303
2.01062
2.01942
2.02444
2.03073
1.97543
2.00057
1.98172
2.08099
2.02319
2.02821
2.00936
1.94779
1.99805
1.98423
1.98674
2.01816
1.99303
2.0345
1.9126
2.0169
1.99554
1.98172
2.0634
2.02067
1.99303
2.04204
1.9792
1.9968
1.99428
2.0169
2.01942
2.06717
1.96664
2.00936
1.99303
1.94276
1.99931
2.01565
2.02696
2.02444
2.04204
2.02067
1.98423
1.95156
1.97166
2.02821
2.01816
1.98926
2.00308
1.95281
2.02193
2.05837
2.07722
2.0169
1.97166
2.00308
2.0257
1.988
1.99428
1.97795
1.95784
2.07094
2.02319
2.07094
2.04581
1.98674
2.05963
1.99805
1.97418
2.05334
2.05334
2.03324
1.96035
2.08225
1.95281
2.06842
2.0257
1.94904
1.97166
1.9792
1.98423
1.95156
2.02444
1.96664
2.01565
1.91009
1.99428
1.99554
1.91386
1.99805
1.99931
1.94653
1.98172
1.90883
1.98046
2.04706
2.04832
2.07973
1.95156
1.98549
1.97166
1.96035
2.0257
1.98423
1.95784
2.00559
1.93773
1.95156
2.00685
1.96664
1.92517
1.98423
1.98046
2.0257
1.90632
2.00811
1.97418
1.93145
1.96789
1.988
1.97292
2.04329
1.95407
2.02696
2.02696
1.92265
2.09607
1.93145
2.01188
2.04078
2.01942
1.95658
2.03827
2.06088
2.00559
2.02821
1.92517
1.98423
2.0634
1.93648
1.99303
1.988
1.9792
1.92265
1.95156
1.95156
2.04958
1.95658
2.01188
1.9503
2.07471
2.04078
2.00559
1.9214
2.01188
1.9126
2.02444
1.988
2.01062
2.03324
1.95658
2.01188
1.99303
2.06968
2.05963
1.92014
2.06968
1.9968
1.99428
2.02821
2.05837
1.94402
1.97041
1.97041
1.97292
1.96664
1.96412
1.94527
2.01439
2.00685
1.99931
1.97041
1.98046
2.05209
1.93773
2.17273
2.03827
1.97166
1.99554
2.00559
1.93773
1.9503
1.97669
2.03701
1.94276
1.99051
1.98423
1.95658
1.99554
2.02319
1.94527
2.01565
1.99428
2.08979
2.02193
2.00182
1.95281
1.98549
2.01565
2.00308
1.96161
1.97669
1.97669
2.03198
2.02444
1.93522
1.95281
2.00182
2.00936
1.98297
2.04455
2.06968
2.02067
1.98172
2.06465
1.988
1.98172
2.01439
2.01942
2.04706
1.95658
2.0169
1.88244
1.94527
1.97166
2.02947
2.10235
2.04581
2.02696
1.97041
2.00057
2.06214
1.96538
2.02696
1.96035
1.99931
1.93396
1.94276
2.05963
2.01188
1.99805
1.99428
2.02067
2.02193
2.0169
2.02193
1.96915
2.01816
2.02821
2.00308
2.05837
1.98926
2.02696
2.01942
1.96287
2.07471
1.96915
1.93899
2.02696
1.98172
2.01439
1.9503
2.00182
2.0345
1.96161
1.97041
1.94402
1.98549
2.01565
2.03198
2.00936
1.96789
1.99554
1.96287
1.96538
2.10612
1.94025
1.99554
1.97418
2.02696
2.0345
1.98423
1.94402
2.01062
1.94653
1.99931
2.00936
1.95156
1.99177
2.03324
2.10487
2.0169
2.03575
1.9792
1.99177
1.96538
1.99554
1.99931
1.9968
2.04455
1.99428
2.01188
2.01188
1.95533
1.91637
2.05711
2.01439
2.02947
1.99428
2.04455
2.01816
1.88747
1.97669
1.99805
2.00434
1.98926
1.97795
1.99554
1.98172
1.91888
1.99428
2.01062
2.02319
2.00936
1.98549
1.988
2.00559
2.0345
2.01816
2.01062
1.96161
1.92391
1.93899
2.01062
2.01439
1.93773
2.04204
2.02444
2.0257
1.96664
1.98046
2.05586
1.94779
2.0257
1.94025
2.03073
1.95281
2.04329
2.03073
2.0169
2.01188
1.91386
2.00811
2.04455
1.98297
1.99051
1.92768
1.99177
1.9968
2.00936
2.04706
1.95156
1.99428
1.96412
1.94527
1.99805
1.98926
2.05586
1.98926
2.05837
2.00685
1.99931
1.99303
2.08979
1.98297
2.05334
1.98674
2.00559
2.02319
2.06214
1.97418
1.9503
2.02444
2.04832
2.03827
2.05209
2.00936
1.93773
1.98297
1.97041
2.04204
2.01062
1.98926
2.03952
1.9503
2.03701
1.96287
2.02947
2.0634
2.06591
2.00811
2.1011
1.93271
2.01188
1.97669
2.02319
2.02067
2.01439
2.05083
2.03952
1.97543
1.96412
2.04581
1.91511
2.00057
1.97292
1.9792
1.96664
2.0169
1.98172
2.02947
2.04329
2.00057
2.00559
2.0345
1.93396
1.98549
1.96161
1.91888
2.00811
2.04329
1.9968
1.9792
2.01313
2.00811
2.03575
1.96664
2.01439
2.07596
2.04329
1.97795
2.05963
1.98674
1.98674
2.03952
2.05209
2.01188
1.96789
1.95156
1.97041
1.98423
1.96161
1.97543
1.99931
1.92014
1.97292
2.02319
2.02821
1.98549
2.06088
1.96915
1.99177
2.05711
2.02821
1.98926
2.03073
2.01439
2.00434
2.03575
1.97041
1.96161
1.96664
2.11492
2.00811
2.00434
1.98172
2.0257
2.01313
1.95533
2.02444
1.96412
2.04581
2.02696
1.97669
2.02444
2.03324
1.95784
2.0345
2.04958
1.95407
2.0257
1.96915
1.94904
2.02319
1.92265
1.98423
2.0257
2.04706
1.96161
2.02821
1.9792
1.9415
2.01313
2.04078
1.94276
2.0257
1.93145
1.96538
2.0169
1.95281
1.93396
1.96035
2.06842
2.01565
2.04204
1.97795
2.00182
2.00811
2.05209
2.01816
2.07345
1.96789
1.92894
1.96161
1.9591
2.05711
2.10989
1.988
1.96412
1.8925
1.98172
1.92894
2.04958
1.9415
2.0345
1.9415
1.96161
2.02821
1.98423
2.03324
1.93271
1.97669
2.02193
1.99303
1.96161
1.988
1.93522
2.06465
1.95784
2.0546
2.0345
2.05837
1.97543
2.00434
2.00811
2.02319
2.01816
1.9968
2.04329
2.05334
1.97795
1.97795
2.0546
2.00811
1.99051
1.99303
2.02947
1.93522
1.99931
1.97418
1.98172
2.05083
2.04204
1.97543
2.02319
2.03073
2.07596
1.97418
1.92768
1.90255
2.00936
2.10738
1.96161
1.99303
2.05586
2.02444
1.96538
2.06968
1.96915
2.04329
1.94904
2.02444
1.9503
1.98297
1.95156
1.93145
2.08476
1.988
2.0169
1.95533
1.97795
1.98297
2.03575
2.06214
1.9968
1.97669
1.97418
1.92642
2.01816
2.04832
2.00434
1.96035
2.02444
1.99931
2.01188
1.95658
2.00811
1.98297
2.06842
2.00434
2.01062
2.06465
1.90883
1.98046
2.05963
2.03952
2.03073
1.93522
2.06088
1.93773
2.04706
1.98549
1.98046
2.04329
1.99051
2.01313
1.91637
2.02947
2.00434
1.98549
2.03575
1.97292
1.97795
2.0257
1.98549
2.01565
1.96789
1.99931
1.92014
2.06591
1.99303
2.00434
2.03324
2.05711
2.01565
1.9126
2.00685
2.01062
1.94402
1.95281
1.98297
1.96664
1.96538
2.02696
1.98297
2.01188
2.02319
1.9503
1.93271
2.02067
2.05209
1.9792
1.99931
2.03575
1.99805
2.03952
2.04958
1.95407
1.93648
1.92014
2.03827
2.02821
1.92014
1.94402
1.99051
1.96287
2.00182
2.09607
2.07219
1.94402
1.99428
2.01439
2.00434
1.99554
1.89878
2.03701
1.93396
1.97041
2.02319
2.0345
2.00811
1.99805
2.00811
2.00559
2.01942
2.01942
2.02193
1.9792
1.99805
2.01313
2.01565
2.03575
1.97669
2.03701
1.93522
1.97669
1.95784
2.07345
1.97041
2.04958
2.00811
1.98926
2.02319
1.98172
1.99554
2.04329
2.04832
1.97795
2.00182
1.9968
1.99428
1.988
1.95533
1.93522
1.94653
1.96538
1.98674
1.9968
2.01942
2.03575
2.03701
2.01188
1.96789
1.95156
1.95281
1.9591
1.88747
2.08979
1.97166
1.98549
1.96287
1.96035
1.9591
1.99177
1.99554
1.93899
1.9503
1.92894
1.98926
2.02319
1.96664
1.95658
2.01062
2.03073
2.01062
2.01565
1.98172
1.988
2.00182
2.07848
1.96915
1.95407
1.98549
2.02696
2.03575
1.98423
2.03073
1.99051
2.01942
2.00559
2.00057
2.08853
1.98297
1.94025
1.96412
1.96035
1.97418
1.96161
1.96915
1.98046
1.96035
2.0257
2.01942
2.04706
2.01439
2.0257
1.99805
2.06214
2.01816
1.98674
2.04329
1.97166
1.99428
2.01062
2.01188
2.04832
2.0345
1.96035
1.96287
1.99931
2.05837
2.00811
2.01188
2.03701
1.94402
1.93019
2.08099
1.98046
2.00559
1.95156
2.01439
2.03952
2.02319
1.97795
2.02947
2.03952
1.90883
1.92391
1.99303
2.01062
1.97041
2.00057
1.92014
2.0345
2.02319
2.04832
2.0546
1.92517
1.98172
1.97543
1.98423
1.97669
1.98549
2.04329
2.03073
1.99303
2.00811
2.01942
1.99931
2.00057
1.97795
1.99805
1.97543
1.95156
1.94025
1.95533
1.99805
1.94276
1.99805
1.96789
1.95533
1.99554
1.98549
2.04832
1.99303
2.02444
2.00559
1.99051
2.08225
1.94402
1.96161
1.99177
1.99805
1.94402
1.99554
2.03701
1.97292
2.00936
1.97543
1.99177
2.05711
1.99428
2.06465
1.96915
1.97041
2.03073
1.94527
1.96664
1.94653
2.01816
1.94402
2.06842
1.93899
2.01565
1.9591
1.94276
2.05586
2.0257
2.00936
1.96287
1.98046
2.00685
1.94653
1.96161
1.97795
2.02067
2.03827
2.06214
1.988
1.9968
1.93145
1.94904
2.05837
2.05711
1.9503
1.96412
2.01439
2.00057
1.96915
2.04581
1.99554
2.00308
1.99805
1.96915
1.96035
2.02821
1.99931
2.04581
1.92768
2.00057
2.05209
2.04706
2.02696
1.94527
2.02067
1.96789
1.99805
1.98549
1.98926
2.05586
1.97166
2.01313
1.97543
1.98297
1.96789
1.94402
2.05334
1.9792
2.01942
1.97543
1.96664
2.02821
1.97418
1.94276
2.02821
1.97418
2.04706
2.00936
2.01439
2.03198
1.9968
1.96915
1.99303
1.98549
1.97292
1.96287
1.95156
2.01565
1.92265
2.01062
2.06088
1.93145
2.03198
2.01439
2.01942
1.97041
2.0546
1.97795
2.01816
2.07596
1.9214
1.97041
1.94653
1.88873
2.09481
1.90758
1.92642
2.05334
1.9792
1.99177
2.00936
2.00936
2.00811
2.01942
1.98549
1.99805
2.04329
1.96538
1.98172
1.96915
2.06717
1.94527
1.97041
1.99303
1.96035
2.02821
2.00811
2.04832
2.00057
2.03701
1.98926
1.99554
2.05209
1.98046
2.04455
1.97669
2.00308
2.00308
1.93396
1.97418
2.00057
1.988
2.04455
1.95281
1.99051
1.95156
2.04958
1.97041
1.94402
1.99177
1.9591
1.98423
1.97669
2.00308
1.98046
2.00811
1.93522
2.02947
2.06591
2.00685
1.97795
2.03073
2.01942
2.02319
2.00182
2.02696
1.97166
1.96412
2.01439
2.02444
2.00182
1.98423
2.00685
1.98423
1.94276
1.98046
2.02696
1.98549
1.9792
2.04958
2.00308
2.04581
2.00434
1.988
1.92894
2.03701
1.99303
2.00936
2.00057
1.9503
2.01439
2.03198
2.03575
2.04581
2.0257
2.01942
2.01439
1.98549
1.95784
2.07094
1.96789
2.05586
1.96538
2.0835
1.95281
2.00685
1.99428
2.03952
2.01439
1.98046
2.03701
2.00811
1.93271
2.03827
2.05334
1.92517
1.95407
1.93522
1.9503
2.03575
2.00057
2.03701
1.95156
2.03701
2.02067
1.91637
1.96538
2.10235
2.06842
2.02067
1.98423
1.99303
2.02947
1.93773
2.0257
2.01565
2.02319
1.98549
1.98172
1.95156
1.95533
2.00057
1.98297
2.03073
1.94904
2.03575
1.96664
2.01439
2.01816
1.97795
1.95784
2.00057
2.01942
1.93019
2.00936
1.99177
2.0257
1.93396
2.05837
1.988
2.10235
1.93522
2.02444
1.98423
2.01188
1.99303
2.02319
2.02193
2.00936
2.04078
2.02067
1.94025
2.01565
1.97041
1.96161
1.92642
1.97041
2.05711
2.06968
1.93648
1.99554
2.02821
2.04078
1.96287
1.98674
1.9792
2.01062
2.00811
1.97669
2.00057
2.07722
1.96915
1.93522
1.8837
2.01565
2.0546
2.02444
1.96664
2.00434
1.96287
2.02696
1.96161
2.00811
1.98423
1.99428
2.00308
1.97292
2.03701
2.00057
1.98674
2.00559
1.97166
2.03324
2.00308
2.02696
2.00936
2.00559
2.00182
1.94402
1.96789
1.95156
1.96915
2.0345
2.05586
1.91386
1.98926
2.00559
2.0345
2.01816
2.04832
1.97543
2.04204
1.93899
2.00434
1.98549
1.988
1.97041
1.99554
2.04329
1.99428
1.9503
1.92517
1.99931
1.98423
2.06088
1.98674
2.04329
2.1011
1.988
1.96412
2.00182
2.00434
2.00559
2.10487
1.95407
2.03827
1.98046
2.01565
1.95281
2.01313
1.94779
1.99428
2.03701
2.04832
1.99177
1.97795
1.9968
2.02067
2.01188
1.94904
1.96035
1.98046
2.00182
1.98549
1.95784
2.00936
2.03073
2.07219
1.93145
1.9968
1.99177
1.98297
1.94025
2.01439
2.00811
1.96412
1.99428
1.9968
2.00182
1.96664
2.01313
1.92894
1.99554
1.96287
1.94779
1.99303
1.97292
1.96412
1.98046
2.01439
1.96035
2.07094
1.98297
2.00182
2.01062
2.01062
1.95156
1.98926
2.01942
1.98046
1.96664
2.00811
2.04078
2.00308
1.94276
2.00308
1.98046
2.0634
2.05963
2.01816
2.06465
2.04581
2.00434
1.94402
1.99177
2.01062
2.07848
1.98046
1.96915
1.98549
2.00434
2.01439
2.12246
2.06088
2.00811
1.96915
1.97795
2.00308
1.97292
1.98549
1.98297
1.92391
1.98297
1.95533
1.97166
1.96915
2.03198
2.02696
2.03952
1.96161
2.00182
1.96412
1.95407
2.00811
2.0257
2.05083
1.98549
2.03827
1.98172
2.08476
2.00936
1.96664
2.05963
2.01313
2.04078
2.01565
2.05586
2.04832
2.00936
2.08225
2.07596
1.96035
1.99428
2.05711
2.01188
1.988
2.03324
2.00308
1.99177
2.00559
1.88873
1.99428
2.06968
1.9968
1.97669
1.96915
1.93019
1.96538
1.99303
2.03575
1.98926
1.99805
1.97795
1.98674
1.99177
1.95658
2.00308
2.04581
1.98926
2.03575
1.88998
1.97166
2.07345
1.98172
1.96287
2.00434
2.0257
1.97543
1.96789
1.95533
1.97795
2.01439
2.03827
2.03324
1.96664
1.94276
2.05586
2.05837
1.94779
1.9415
2.04329
1.95281
2.06717
2.02696
2.01816
1.99554
2.02444
2.03827
1.97669
2.01188
2.07973
2.05963
2.00434
1.97041
2.00685
2.00308
2.0345
1.97418
2.01942
2.06088
1.93773
1.99177
1.96412
2.03575
1.97041
2.0169
2.04706
2.02821
1.99931
2.04832
2.01942
2.02444
1.98046
1.97669
2.06088
2.04958
2.03952
1.98674
2.05334
1.97795
1.91637
2.04455
2.05586
1.9968
2.05083
2.04581
2.05837
1.96035
1.988
1.97041
2.01942
1.98549
1.9792
2.01816
2.00936
1.9415
2.02821
2.03701
1.97543
1.99805
1.96915
1.9503
1.93019
2.0634
2.05711
1.94527
1.94779
1.96664
2.07094
2.0169
2.0169
2.07596
1.98046
1.9591
2.07848
2.05711
2.02319
2.04204
2.03073
1.9968
2.02319
2.04204
1.97166
2.06214
2.04078
2.0634
1.9591
2.03827
2.0257
1.99931
1.94653
2.03073
2.09104
2.0345
1.99428
1.94276
1.96035
1.98549
1.96412
2.03198
1.94904
2.02319
1.99177
1.94653
1.91386
1.95784
1.97669
2.02947
1.96161
1.98926
2.01565
2.01942
1.98926
2.0634
1.988
1.90758
2.00308
1.99554
1.95533
2.01942
2.00685
2.0345
1.97795
1.92768
1.96412
2.02067
2.02319
1.99303
2.02193
2.06214
2.04455
2.0345
2.03324
1.97543
1.99428
1.99805
1.98423
1.96412
1.99805
1.99554
2.01188
1.97543
2.02444
2.0345
2.00811
1.96664
1.97041
1.95658
1.98926
1.95784
1.95658
2.00057
1.95407
2.00434
1.97041
1.94276
2.01313
1.94527
2.03198
1.98172
2.06842
1.96161
1.98172
1.95658
1.99303
1.97669
1.95784
2.00308
2.00811
2.05586
1.96287
2.05711
1.95784
2.02947
2.01816
1.99177
2.0634
2.00559
2.00685
1.89752
2.03073
1.99428
1.98926
1.95281
1.9126
2.0169
2.00182
2.04329
2.00811
1.9968
1.96412
2.00559
2.02696
1.98926
2.04078
1.97041
1.98674
2.04204
1.97292
2.05083
2.01313
2.04581
1.95281
2.06088
1.9591
1.98549
1.97418
2.03575
1.99931
2.00811
1.94025
2.02821
2.00811
1.90129
1.97669
1.97418
2.00811
1.86234
1.98674
2.04832
1.988
1.87113
1.98674
1.99303
2.01313
2.0257
2.00057
1.99931
2.02821
1.99303
1.9126
2.01439
2.00434
2.00182
1.98172
2.01062
1.9792
1.98297
2.04329
2.02444
2.07722
1.9591
1.96789
1.97166
1.94779
2.04204
1.96915
2.01439
1.98297
1.91637
2.00685
1.92894
1.96161
2.01439
1.98674
2.01188
2.13126
1.95658
2.00057
1.96664
1.97041
2.03073
1.98172
1.98046
2.01816
2.07094
1.95156
2.01062
1.94653
2.09104
1.98172
2.03575
1.9415
2.04706
1.9591
2.05586
1.96664
1.99428
2.00559
1.96161
1.90883
1.90004
2.0345
2.00308
1.99177
2.03952
1.99805
2.01439
1.9792
1.97795
2.00811
1.98297
2.01565
1.99554
2.02444
2.00559
2.00057
2.0257
2.03198
1.97041
2.00685
1.99051
2.05963
2.04078
1.988
2.02821
2.01942
2.0257
1.92768
2.02444
2.01942
1.97795
2.05711
2.02444
2.00936
2.01188
2.07722
2.05083
1.99554
1.97292
2.0257
2.06968
1.98674
2.04329
1.95281
1.96664
1.96287
1.98172
1.96915
1.95156
2.00811
1.95658
1.94653
2.04078
1.98046
2.02319
2.06214
2.04832
2.03198
1.98172
2.03952
2.04832
2.01565
1.96664
2.05963
2.00057
1.95658
1.97543
2.05711
2.04204
1.96789
1.98172
2.04581
1.9968
2.04832
2.01942
2.01062
1.93271
2.07094
1.96789
2.03701
2.03073
1.97041
2.05586
1.95281
1.91134
2.00434
1.98297
1.988
1.9503
1.98423
2.00685
1.93271
1.93019
2.00685
2.0169
1.97166
1.95658
1.94276
2.03324
1.99428
1.97669
2.02319
1.97418
2.03575
2.0169
2.07094
2.01942
2.01313
2.02444
2.01942
2.07596
2.04078
1.98423
2.00936
1.97292
2.00182
2.05209
1.95533
1.94527
1.988
2.00182
1.94276
2.03952
2.01565
1.9792
2.01439
1.98674
1.91637
2.01565
2.04204
2.07973
1.93019
1.99177
1.99303
2.0835
2.0257
1.93522
2.0257
2.01188
2.01313
1.95156
1.98046
2.02319
2.01188
2.06214
2.02067
1.9503
2.03324
1.9415
1.94779
1.92768
1.95533
2.04706
2.04958
2.0345
1.93773
1.96789
2.01313
2.00182
2.01188
1.92265
2.02696
1.99554
1.96915
1.99805
1.88747
1.99428
1.99554
1.96287
2.02319
1.97543
1.97041
1.97292
2.0634
2.08979
2.00308
2.0345
2.08476
1.95156
1.89501
1.96538
1.91637
2.03952
2.0546
1.95281
1.94402
2.00685
1.98423
1.96915
2.02696
2.06842
1.95533
2.00308
1.99805
1.96789
2.02696
1.99303
2.01816
2.0257
2.01188
2.00559
1.93396
2.04078
1.99303
2.00057
1.99428
2.0257
1.97543
1.97543
1.99931
2.00936
2.06214
2.02067
2.00057
1.98549
1.97795
2.07596
2.04581
1.89124
1.98172
1.93019
2.08979
2.04455
2.04581
1.97543
1.9591
1.96789
1.98423
2.1011
2.01062
2.05083
1.95281
1.99805
1.96915
1.98172
2.07219
2.00434
2.06465
1.98046
2.07345
2.00308
2.0169
1.988
2.0345
1.96789
1.98549
2.04204
1.9214
2.08099
2.04581
2.01062
1.97292
2.0257
2.06214
2.02696
1.93522
1.95156
2.03198
2.01942
1.95658
1.97166
1.93396
2.00434
2.02821
2.03701
1.99554
1.93271
1.98674
1.95156
1.9792
1.98926
1.97669
1.98297
1.93145
1.88621
2.0345
2.01565
2.05083
1.96161
2.03952
2.01188
2.01565
2.04581
1.99051
2.00308
1.99554
2.03575
1.99805
1.9591
1.98674
1.94402
1.96664
2.03575
2.03575
1.95784
1.94527
1.92517
2.04455
2.07219
1.93145
1.96035
1.96035
2.06717
1.99303
1.9968
2.01062
2.01062
2.02696
1.97795
1.97543
2.0257
1.97418
1.93899
1.98549
1.91637
1.96035
2.04958
2.04329
2.07722
2.02067
2.01942
2.00685
2.07973
2.04329
2.03073
1.9968
1.96161
1.94025
1.96915
2.01188
1.97166
1.98046
2.0257
2.04078
2.0257
1.96915
1.9503
2.01313
1.96789
2.04329
1.99805
1.98549
1.96161
1.99428
2.06465
1.96664
2.0257
2.07345
2.02821
1.92391
1.99177
1.9792
2.07596
1.95407
1.92894
1.94904
1.96161
2.02067
1.97543
2.01816
1.90129
2.04706
1.96412
2.0345
1.9792
1.93522
2.00685
2.04581
2.05209
1.99051
2.04204
1.96161
1.94025
2.01313
1.99051
2.04958
1.97166
2.01313
1.92894
1.98423
1.93019
1.96538
2.02067
2.02193
2.01188
1.9503
1.96789
2.06088
2.07345
1.96035
2.01062
2.06465
1.96664
1.96538
1.98046
2.01188
2.04581
1.96915
1.94276
2.05083
2.05209
2.01439
1.97543
1.99303
2.00182
2.03575
1.99554
2.04078
1.95407
1.95784
2.03324
2.01816
2.07973
2.04204
2.04958
2.00434
1.92391
2.02193
1.98297
1.90506
2.02696
2.02444
1.97543
1.96664
1.9415
1.95658
1.97041
1.94402
1.97041
1.9415
2.00811
2.01188
2.07471
1.95658
1.99051
1.99303
2.04078
2.05334
1.99177
2.01816
2.03198
2.06591
2.00685
2.0835
2.04706
1.95281
1.96789
2.07094
2.02947
1.96789
2.03701
2.03073
2.03827
1.98172
1.96287
2.03827
2.05334
1.98926
2.00936
2.00685
2.04329
2.06214
2.02696
2.01313
2.01313
1.97166
2.04581
1.98926
1.93271
1.96538
2.0169
1.98926
2.0257
1.96287
2.00811
1.98172
1.95658
1.96035
1.96538
1.98046
1.96538
1.95658
2.12497
2.06591
2.00559
1.97418
1.9503
2.02696
1.96161
1.96035
1.94653
1.99303
2.06088
2.01313
2.03324
2.03701
2.01062
2.02947
1.94779
1.98674
2.00936
1.95784
1.97669
1.98172
2.00811
2.01816
2.03324
2.01942
1.95784
2.03073
1.99428
2.1011
1.98674
1.93145
1.98549
2.07094
1.98674
2.06968
1.98172
2.03324
1.9591
1.95658
1.94527
1.95533
1.98926
2.00559
1.95658
1.99051
1.98423
2.00434
1.99554
2.01816
2.0634
1.99428
1.95281
1.94904
1.99303
1.98674
2.04455
2.07848
1.95658
2.09984
1.99805
1.98549
1.97166
1.96538
2.03198
1.98674
1.93899
1.97543
2.01313
2.00308
1.98549
1.98172
1.98046
2.06591
2.05711
2.02193
2.0345
2.00057
2.00559
2.00811
1.99931
1.96538
2.04455
1.9591
2.00811
2.00811
1.92768
2.04706
2.04329
1.98549
1.97041
2.04958
1.96161
2.02947
1.98926
1.92768
2.07596
1.90255
1.99303
2.05083
2.04581
2.02067
2.02947
1.97041
2.04832
1.99805
2.04832
1.99051
2.04329
1.91763
2.00559
2.04204
1.95156
2.00434
1.988
2.00685
2.02947
1.96412
2.06842
1.98549
1.91386
1.9968
2.01942
1.98549
1.97418
2.03701
2.05963
1.99428
1.99051
1.95281
2.01816
1.97166
1.98046
1.988
1.92517
2.00308
1.95156
1.94904
1.98423
2.08602
2.03575
2.00559
2.08225
2.08099
2.10235
2.02193
2.05711
2.04204
1.98172
2.04455
1.91637
1.96664
1.93522
1.98172
1.99177
1.99805
2.00434
2.03952
1.98674
1.96789
2.02319
2.0257
2.06465
2.03198
2.08979
2.0169
1.97669
1.94276
1.96789
2.01942
2.06214
2.02067
2.04329
2.08602
1.98172
1.99931
1.97418
2.0546
1.96412
2.02444
1.94276
1.97669
1.94527
1.92517
2.01942
2.0169
1.97795
1.99303
1.97543
1.98172
1.96287
1.9415
1.9503
2.01816
1.9968
1.93271
1.94276
2.06088
1.97166
2.00182
1.94779
2.01816
2.00182
1.95281
1.98926
2.0257
2.03198
2.04832
2.01942
1.96789
1.94276
1.94402
2.06717
2.02947
1.94904
2.01062
1.97795
1.93019
2.03701
2.01439
1.97543
1.94276
2.01313
1.96412
1.99177
1.9792
1.92642
1.94402
2.00559
2.03575
1.97418
1.99931
2.03952
1.98423
1.9792
1.98046
1.96664
1.98926
2.07848
1.9503
1.92014
1.95156
2.01942
1.98046
1.988
2.03575
1.95407
1.91386
1.96035
2.04832
2.08979
2.0546
1.99931
2.04078
2.02319
2.04329
2.0169
2.03827
2.03575
1.97166
1.96789
1.99805
1.90632
1.95156
2.06088
1.95156
1.95281
1.94904
2.03575
2.07094
2.06088
1.94276
2.06717
1.98423
2.03827
2.07722
2.0257
2.0257
2.03827
2.02444
2.01565
2.06717
2.01439
1.97795
2.02319
1.96538
1.99051
2.00182
1.97418
1.96915
2.06717
2.01062
2.00936
1.99051
2.07345
1.98926
1.99051
1.99428
2.0257
1.988
2.00308
2.02319
2.03701
1.95407
2.02193
2.01188
2.0257
1.91637
1.99428
2.02947
2.01439
1.96538
1.97418
1.97041
1.99554
1.98549
1.98549
2.00811
2.02193
1.98172
1.93899
1.96035
2.03952
1.96915
1.97292
1.97418
2.04706
2.00057
1.98172
1.97292
2.0345
1.98549
2.02193
1.99303
1.99303
1.97669
2.04581
2.02067
2.07973
2.01313
2.01313
2.05586
1.99931
2.05334
2.03324
1.9591
1.93773
2.02821
2.00685
1.93648
2.03701
1.98297
2.01313
1.95156
1.95156
1.96538
1.99428
1.94904
2.07094
1.988
1.97795
1.97543
1.99554
2.00936
2.06968
1.98172
2.04455
1.96412
2.01942
1.98926
2.00936
2.04329
2.04832
1.91009
2.0169
2.05711
1.97418
1.96538
2.05586
1.9968
2.00182
2.00434
2.05334
1.98172
2.03324
2.01565
2.01313
2.07345
1.9792
1.99805
2.03701
2.00434
1.98172
1.988
2.05209
1.98674
2.02696
2.01565
1.97418
1.97543
1.99177
2.08727
2.04706
1.95784
1.90506
1.94653
1.96287
2.03701
2.00057
1.99554
1.99931
2.04958
1.93396
2.00559
2.01313
2.0634
1.95281
2.04078
2.01439
1.9792
1.9968
2.05711
2.05209
2.04581
1.97292
2.06214
2.02193
2.00936
1.87742
1.988
1.97041
1.96412
2.01313
1.95407
1.99931
2.07094
1.94527
1.98046
2.03073
1.91511
2.07094
2.03073
2.02821
2.00057
2.07094
2.07973
1.96035
2.05837
1.96287
2.02067
1.93019
2.01439
1.93522
2.00308
2.0169
1.90506
1.95533
1.988
2.01313
2.02821
1.94276
2.02193
1.95156
1.96412
1.9415
2.00936
2.03575
1.97795
1.96538
1.98549
1.92894
1.9792
1.988
1.99051
2.00936
1.99554
2.00811
2.09984
1.95658
1.9126
1.97795
2.05209
1.93271
1.9503
2.1011
2.00685
1.97166
1.96538
1.98423
2.02696
1.9968
1.98297
2.00685
1.96287
2.02193
1.94402
1.97795
1.98046
2.07094
2.04706
1.96161
2.04832
1.988
2.01565
1.9503
1.93522
1.9792
2.03827
2.01188
2.00057
1.99931
2.01942
1.97041
2.07219
2.03952
1.96915
2.02821
1.96035
2.01565
2.01062
1.99805
1.97292
2.02696
1.97166
2.08979
1.9968
1.99051
2.03073
1.99303
1.96915
2.01816
2.05209
1.96412
1.98297
1.9503
2.02193
1.9415
1.99554
1.98172
2.04581
2.02193
1.99554
1.93899
2.03324
1.98297
1.98423
1.9503
2.06088
1.96664
2.03575
2.04832
2.01062
2.05334
1.93522
1.9591
2.05334
1.97418
2.01188
1.93019
1.99428
1.97669
2.01439
1.96161
2.0169
1.96287
1.94025
1.95281
1.99554
2.03324
2.04204
2.02821
2.04832
2.02444
2.03073
1.97292
2.0169
1.93019
1.94025
1.95156
2.08476
1.98297
2.01313
1.99805
1.94527
1.99051
1.97041
1.99428
2.0257
1.92517
1.9503
2.04832
1.99303
2.04581
2.00811
1.99051
2.02696
2.00559
2.05963
1.99051
2.0169
2.06088
1.96915
1.96161
1.98926
1.93773
2.01565
2.02696
1.92517
2.04832
1.99051
1.99554
1.9591
2.04329
2.04078
1.97795
1.93773
2.01062
2.03073
1.97041
2.03952
2.04581
1.95784
1.93271
2.01188
2.0546
1.98172
2.06088
1.99428
1.96915
1.95281
2.01062
1.96538
2.00182
1.98549
2.0257
1.94276
1.94025
2.02947
2.0257
1.98046
1.97543
1.98297
1.97669
2.01439
2.04204
1.97543
1.94402
1.98926
1.94904
2.01313
1.93396
1.96789
1.99805
1.99554
1.93773
1.99051
2.02947
1.97795
1.98423
1.94527
2.02947
1.93019
2.06465
1.94779
1.95407
1.95784
2.02821
2.03701
2.02947
1.90004
2.02067
2.07596
2.00182
2.0169
1.97418
2.02947
2.03701
1.98423
2.0634
2.01062
2.02067
1.99177
1.9968
1.98172
1.96664
1.96035
1.99051
2.03701
2.03073
2.00559
2.03198
1.95784
1.95784
2.0257
2.0634
2.04958
2.00308
1.94904
1.99428
1.97166
1.95784
1.988
1.988
2.04204
1.99805
1.96538
2.00936
1.99554
2.04455
2.04958
2.02319
1.98549
1.92894
1.9591
2.01565
2.02947
1.96287
1.95533
2.03701
2.00057
1.96035
2.00308
2.14508
2.01942
2.03827
1.97041
1.95156
1.988
1.92894
1.9792
1.94276
2.0169
2.01439
2.07471
2.06214
1.94527
1.97669
2.03827
1.95784
1.97543
2.00685
1.96412
1.98423
2.01942
2.03324
2.00685
2.04329
2.01439
2.00057
1.9792
2.01816
2.00685
2.05334
1.97543
2.02696
2.04455
1.97795
2.0546
2.07219
2.02319
1.96161
1.97795
2.00936
1.93271
2.02444
1.98046
2.06968
2.02947
1.99303
1.97543
1.92768
2.02193
2.00308
1.93271
2.00182
2.03324
2.02319
2.06591
2.00811
1.96664
2.01439
2.02067
1.99805
2.0345
1.96538
2.06968
1.98423
1.9591
1.91511
1.96538
1.97418
2.01188
1.99303
2.04204
2.08853
2.04455
1.99428
2.04706
1.9415
2.03827
2.01565
1.94653
1.98926
1.96035
1.94025
2.08476
2.01062
1.97543
2.00685
1.94904
1.97292
2.01188
1.94904
1.94904
1.98926
2.01188
1.92014
1.95533
1.98549
2.0345
2.02193
1.9503
1.98926
1.97543
1.97795
1.93396
2.05711
1.99428
2.03198
2.11618
1.98926
2.0169
1.94653
1.98549
2.09607
1.97669
2.03701
2.03827
2.04455
2.00434
1.92265
2.04581
1.97166
1.92265
1.96412
2.00057
2.0257
1.9591
2.01062
1.95156
1.97795
1.94276
1.99177
1.99931
2.0546
2.02193
2.03827
2.03073
1.96789
2.06214
2.03198
2.00685
1.9792
2.02947
1.92768
1.97418
2.06968
1.96538
1.97292
2.04078
1.97041
1.95156
1.99051
1.97292
2.03198
2.01188
2.00308
1.96161
1.9792
2.05586
1.90632
2.02067
1.91888
1.91888
1.93271
2.0169
1.92894
2.0345
2.03198
2.0546
1.94904
2.00434
2.01439
1.94653
2.03701
1.94779
2.02193
2.01439
2.00434
1.96789
1.96915
2.0634
1.96412
1.96664
1.98172
2.03827
2.04958
1.99177
2.00057
1.9792
1.98297
1.9503
1.97795
1.9968
2.01565
1.98172
1.98172
2.03073
1.98297
2.00057
2.03575
1.98549
1.97543
1.97166
2.03952
1.93899
1.98926
2.0546
1.89124
2.03952
1.99303
2.01565
2.01439
1.94276
1.99554
1.97543
1.99051
2.04832
1.9968
2.01313
1.97543
1.99051
1.98423
2.00936
2.0634
1.98674
2.04078
1.9503
2.01188
2.00559
2.04078
1.988
1.91763
1.98046
1.97041
1.96287
2.05209
1.99554
1.99554
1.95658
2.00811
2.00057
2.03324
2.03701
1.96789
2.02696
2.08476
1.98674
2.03073
2.00182
1.91637
1.96035
2.05209
1.97292
2.07848
1.99177
2.02821
1.94527
2.05334
2.00685
2.01439
2.01439
1.9415
1.99805
2.0169
2.0923
2.05963
1.98674
1.97041
2.00308
1.99805
2.04706
2.0634
2.00308
1.94527
2.01062
2.05837
2.01313
2.03827
2.04078
1.99303
1.93773
2.06717
1.98926
2.02947
2.02821
2.05586
1.98423
2.0923
2.05963
1.96161
1.92517
2.02319
2.05334
2.08853
2.02821
2.0345
1.97041
2.07596
2.04078
2.03073
1.88873
1.99931
1.93773
2.01439
1.99554
2.00434
2.0345
2.06968
1.94276
2.02193
1.96161
2.04329
1.99303
2.06465
2.0546
1.98297
1.92642
1.93145
2.03198
1.94402
1.94904
2.00434
1.94904
1.94527
1.92894
2.02947
2.00434
1.89375
2.08979
2.04581
1.97669
2.03701
1.95533
2.00936
2.00434
2.06214
1.99177
1.94527
1.93522
2.01188
2.02821
2.01313
2.00308
2.00811
1.96538
2.05837
1.96915
2.05334
2.00434
1.9591
2.02821
2.05837
2.01439
1.94276
2.03575
1.99177
2.02444
1.95658
2.02821
2.03952
2.00559
2.0257
2.10738
2.0169
1.98297
1.98297
2.00811
1.98046
1.99177
2.01565
1.97543
1.988
1.99303
1.96412
1.97543
2.02319
1.86862
2.07596
2.00811
1.99303
1.97292
2.01313
1.95784
2.06465
1.99554
1.94653
2.01565
2.04204
1.96287
1.93396
2.02193
2.06214
2.0634
2.07345
2.01062
1.90381
2.00057
2.04078
1.99931
1.9792
1.99428
1.95156
1.99554
2.04706
2.0546
2.04581
1.94402
2.02444
1.97543
2.02444
2.00811
1.96161
2.03073
1.988
2.02444
1.90255
2.02444
2.01062
2.03952
2.05586
1.98297
2.07596
1.99805
2.03324
2.07471
1.92014
1.94402
2.00057
2.00685
2.02947
2.00559
1.9968
2.01313
1.92642
1.96035
1.98674
1.96412
1.94653
1.99428
2.03198
1.93396
1.9968
1.9591
2.03324
2.01816
1.9968
1.97166
1.98549
1.9214
2.10738
2.03701
1.98926
2.13503
2.02444
2.03952
2.00182
1.95658
1.96412
2.02193
1.97795
2.0546
1.93773
2.00685
2.06088
1.92768
1.95156
2.00182
1.99177
2.0345
1.9792
2.01313
1.96412
1.98674
1.93396
1.92768
1.95533
2.05963
2.05837
1.98549
2.0345
1.92265
1.96161
2.00685
1.98674
1.97795
2.03827
1.96664
2.01188
1.988
2.10864
2.00685
2.01942
1.98674
2.01062
2.0257
1.95156
1.96412
2.00434
1.93773
1.99051
2.0345
2.02821
2.03701
2.05963
1.98172
1.99051
2.0257
2.01816
1.93145
1.96035
1.96287
2.03952
1.93773
2.03701
1.95281
1.96789
1.96915
1.92642
2.05334
2.06842
1.99428
2.01565
2.06968
1.96412
2.02193
1.97418
1.9503
2.03827
1.99554
1.97041
1.98046
2.05209
1.99554
1.96789
2.00936
1.99051
1.97041
1.96664
2.07094
1.93522
1.99428
1.96287
1.96915
2.05334
2.00936
1.98297
1.98549
1.93648
2.07219
1.9792
2.03198
1.99303
2.00685
2.06842
2.13126
2.02947
1.98549
2.01439
2.03575
2.00936
2.04958
1.94402
2.0257
1.9792
1.97795
2.05837
2.04832
2.02319
2.02067
1.94904
1.9968
2.04832
1.96287
1.96789
1.9503
2.03198
1.94402
1.93648
1.96789
2.01439
2.04204
2.01816
2.00434
2.03073
1.99805
1.95281
1.95784
1.95784
2.03701
1.95784
2.01313
1.9792
2.01816
1.91888
2.01313
1.9968
2.03073
2.03701
2.02319
2.01942
2.02444
1.96287
1.97669
2.01816
2.04581
2.02444
1.98674
2.0257
2.07722
1.99931
2.01565
1.99931
1.93271
2.0634
1.99428
2.00936
2.06465
2.00936
1.93271
2.02696
1.93648
1.98926
1.98172
2.03952
2.06088
1.99554
2.03324
1.97543
2.00057
1.93648
2.04078
1.98926
1.99303
2.00811
2.05963
2.04455
1.95658
1.98423
2.06465
1.99428
1.93899
2.03073
2.01313
1.90632
1.93271
2.02821
1.96538
2.01188
2.03324
2.01565
2.00811
1.94527
1.97418
2.01942
2.01188
1.99428
1.96664
2.04958
1.88873
2.08602
1.9126
2.01188
1.94025
2.07973
1.96664
2.1212
1.97041
1.98046
1.97669
2.00308
1.99051
1.98423
2.01313
2.04581
2.02444
2.00936
1.99931
1.99051
1.99051
2.05711
2.00936
1.92014
1.96664
1.99554
2.02319
1.99177
2.02193
2.0634
1.98674
2.08979
1.99931
2.07345
1.98926
2.02444
1.89375
2.01565
2.02319
1.99051
2.01439
2.0546
1.94527
1.96538
2.10235
2.05586
2.01062
2.06465
2.01062
1.99931
1.98926
1.96789
1.98423
1.9591
1.9503
2.01439
2.05837
1.99051
2.03073
1.99554
1.98046
1.98674
2.02067
1.98172
2.04455
1.96287
2.00936
2.10738
2.08853
1.94904
1.9591
2.01188
2.03575
1.95784
2.02193
1.99303
2.00936
1.97795
2.05083
2.01188
2.02947
2.04455
2.01313
1.97166
1.99428
1.94402
2.00057
2.02696
1.97543
2.00308
2.00685
2.01188
1.99931
2.00308
1.97292
1.96161
2.00811
1.9591
2.05963
1.9214
2.07345
2.02067
2.03324
1.93145
1.94779
1.95156
1.97418
1.97418
2.04329
2.02947
2.0345
2.07471
1.94402
2.01816
2.09481
2.02444
1.98926
2.0546
1.9792
2.07471
2.07345
2.00182
1.97795
1.97418
1.90883
2.03324
1.97795
1.98674
2.04832
1.96538
1.96915
1.92894
2.00434
1.98674
2.06214
2.00057
2.06214
1.99931
2.0835
1.98046
2.02821
1.96789
2.05334
2.02821
1.96412
2.07722
1.96035
2.05209
2.01313
1.93648
2.03198
1.98549
2.05334
1.91763
1.97166
1.9968
2.04455
1.9792
1.9968
2.02696
1.94653
1.98172
2.04204
1.91386
2.00685
2.01565
2.03827
2.05711
2.02947
2.01565
1.9591
2.07345
2.02444
1.92265
1.99177
2.02821
2.07596
1.92642
2.02193
1.90632
1.97418
2.01439
1.99931
2.05586
2.01439
2.04329
2.04329
1.93396
1.98172
2.03952
2.00811
1.988
1.95533
1.97418
1.99931
1.99931
2.05334
2.01439
2.02193
1.95658
1.99051
1.97041
2.01439
1.98926
2.03324
2.04832
2.02821
2.00936
1.9968
2.04204
1.95784
1.95156
2.0257
1.95658
1.9968
1.988
1.97543
2.06842
2.0169
1.92265
2.01188
2.01439
2.00559
2.02696
1.99931
1.9591
1.97041
1.99931
2.02444
2.00057
2.00936
2.06591
2.02319
2.05586
2.07094
1.97166
2.02067
2.00811
2.02821
2.0257
2.04078
2.07345
1.99051
2.02696
2.01565
2.02193
1.89501
1.99177
2.01816
1.96035
1.988
1.95658
1.99177
1.92768
2.09733
1.97418
1.96161
2.00559
1.98674
2.00936
1.96538
2.02696
2.03952
2.0169
1.96915
1.99805
2.01816
2.08099
2.01439
1.93773
1.9968
2.04581
2.04078
2.15011
1.93396
1.98046
1.8925
2.00182
2.02444
2.00811
2.03952
2.06591
1.98926
2.08099
1.93271
1.99051
2.07345
2.02067
2.02821
1.97292
2.08853
2.01313
1.99428
2.03073
2.03701
1.9591
2.06088
1.94779
1.988
2.03575
1.98926
2.11492
1.95156
1.99554
2.04078
2.0345
1.88244
2.03324
2.04204
1.98549
2.01313
1.95281
2.04455
2.08099
2.02821
2.00936
1.94402
1.97166
2.0257
2.00936
2.04455
1.96664
1.99051
2.01942
2.00057
1.98297
2.00434
2.04832
2.00685
2.00182
1.9503
2.01439
1.98297
1.94653
2.01816
1.9503
1.98297
2.00685
2.00057
2.04204
1.99303
1.88998
2.03701
2.02444
1.95658
1.97041
1.94779
2.00308
1.92768
2.01816
2.00559
2.06717
2.00811
2.00308
1.97166
1.94653
1.988
1.98297
2.07596
1.9126
2.04329
1.99805
1.91009
2.01942
1.98423
1.9214
1.93271
1.97543
2.04455
1.91511
1.95658
1.95281
1.95407
2.05711
1.98674
1.97418
1.92517
1.97418
2.10235
1.99428
1.97795
1.95407
2.02821
1.99805
1.95281
1.98046
2.01565
1.97543
2.03073
1.89375
1.94779
2.09104
1.9126
1.94904
1.988
2.0923
2.00182
1.9968
2.00559
1.92517
2.0257
2.05711
1.97795
1.94527
2.02821
1.98172
1.988
1.99428
2.00434
2.00308
1.95533
1.9968
2.02696
1.99931
2.0634
1.93899
2.03827
1.96538
1.93019
2.03827
1.95281
1.99931
1.94402
1.99303
1.96287
1.9591
2.03827
2.07973
2.09607
1.96915
2.03827
2.00685
2.00685
1.93648
2.03198
2.04455
1.99931
1.90883
1.99554
2.02444
1.96161
1.98926
2.08099
1.97669
2.01565
1.99931
2.11618
1.98423
2.00685
1.96161
1.94276
1.96538
2.02444
1.92391
2.1011
1.9792
2.01188
1.99428
2.0169
1.9968
1.98674
1.94527
2.00308
2.01816
1.98674
2.06214
2.00559
2.06088
1.98172
2.07596
2.05963
2.03073
2.01313
2.04204
2.00936
2.0923
1.99428
1.99051
2.0546
1.98926
1.988
1.97292
2.04455
1.94025
1.99805
2.02319
2.00559
1.97795
1.96915
1.98297
1.99177
1.98297
2.04958
1.98297
1.97795
1.98423
1.99554
2.04204
2.02821
2.06717
2.06088
1.97418
2.02067
1.97166
2.00685
2.02067
2.00811
1.988
1.95156
2.06842
1.99177
2.01439
1.98926
1.96915
1.96915
2.00559
1.99931
1.97041
2.01942
1.98297
2.0169
2.01565
2.01188
2.04581
1.988
2.00811
1.98423
1.97669
2.03827
1.97041
1.97166
1.94025
1.99177
2.00057
1.99931
2.04455
2.01313
1.9503
1.94904
1.95658
1.97166
1.97041
1.98172
2.04455
2.01942
1.97418
1.9591
2.03952
2.01439
1.9503
2.04455
2.02696
2.00182
1.97041
2.01942
1.96915
2.0169
1.97041
1.98172
2.0345
1.99051
1.99051
1.94402
1.99051
1.94527
2.06842
1.99554
2.0835
2.06088
2.03198
2.07973
1.98297
2.00811
2.04329
1.96789
1.96035
2.01439
2.03073
1.95281
2.00308
1.9415
2.01062
2.02067
2.06968
1.95784
1.97795
1.99428
2.08225
1.95533
1.96915
1.98674
1.99428
2.05963
2.03701
2.00308
1.99805
2.01565
2.00811
1.95156
2.01942
2.05209
1.97418
2.03701
2.04581
2.00685
2.0345
1.99177
1.97041
1.99931
1.91763
1.9415
2.02444
2.00182
2.0634
1.97418
1.96412
2.06717
1.98926
1.95658
2.0169
2.06968
1.96538
1.99428
2.04455
2.00685
1.97041
2.00811
1.99051
2.03324
1.99805
2.05711
2.05083
1.95281
2.11743
2.05837
2.02947
2.06717
2.04832
2.05711
1.97669
1.97669
1.97795
1.97795
2.05586
2.00559
1.95658
2.06214
2.05711
2.0345
1.94276
2.04329
2.02444
1.97669
2.01942
1.97795
1.99303
1.96412
2.0169
1.95658
2.01565
1.96664
1.96664
2.04455
2.0546
2.08979
2.05711
1.98674
1.99051
2.01439
2.08602
2.01062
2.06591
1.96035
2.00936
1.99303
1.96789
1.87867
1.99554
2.00936
1.96287
2.00434
1.96789
2.01188
1.99177
1.96538
1.98046
1.96035
2.04832
2.00559
1.98172
2.0257
2.00182
2.01816
2.05963
1.96789
1.95533
2.00434
2.02319
2.04958
2.05083
1.91134
2.03701
2.01565
2.02947
2.1011
1.95281
2.06591
1.99303
1.99428
2.03827
2.01816
2.02947
1.9968
1.93145
1.94779
1.988
1.97292
1.98926
2.02444
2.04455
2.00559
1.96287
2.05586
2.03952
1.98926
1.95407
1.98674
1.92894
2.04204
2.00308
2.01439
1.99428
2.00182
1.98297
1.94527
2.00057
1.96538
1.91009
1.99051
1.93522
1.99303
1.97795
1.99303
2.00182
2.01439
2.00308
1.96412
2.02319
2.0546
2.04078
1.9968
2.04329
2.06088
2.02696
2.01565
1.98674
2.00811
2.03827
1.98297
1.96287
1.98549
2.00308
1.9503
2.0546
2.01816
1.99554
2.03324
2.00685
2.00434
2.01313
1.94904
2.00182
1.97418
1.988
1.96538
1.97543
1.99303
1.98926
1.95533
1.98549
1.99931
1.95658
2.01062
1.96287
2.06717
2.09607
1.92768
1.97292
2.03324
1.988
2.03198
1.93522
1.96664
2.06717
1.96161
2.04706
1.96789
1.91763
1.94402
1.93899
1.99303
1.97795
1.91386
1.99805
1.99051
1.95658
2.04204
2.04078
1.92517
2.00057
1.94402
2.02067
2.04455
2.0257
2.02444
1.98549
1.99554
1.98172
2.06968
1.90129
2.05083
2.05209
1.98046
2.02947
1.98926
2.04706
2.01313
1.97543
2.00559
2.04958
2.03198
1.96915
2.01188
1.97795
2.02319
1.99805
1.91888
2.02193
1.9968
1.98172
2.00936
1.9214
2.04078
1.90758
1.94025
1.96161
2.0257
2.01816
1.98423
1.99805
2.01565
1.9968
2.05837
1.97292
2.00182
2.02067
1.92014
1.98674
2.01313
1.99554
1.96161
1.94025
1.99805
2.05209
1.97292
2.05711
2.02193
2.07596
1.89627
2.07094
1.98046
1.98674
1.98926
2.01816
1.96664
1.94025
2.03701
2.08225
1.99303
2.00559
1.93019
1.99303
1.91511
1.94276
2.06591
2.04832
1.97418
2.01816
2.05209
1.9968
2.01439
2.04832
1.98297
2.02696
1.98046
1.95407
2.06088
2.03575
1.99177
1.99177
2.02821
2.03575
1.92768
1.95281
1.988
2.00559
1.96412
2.01816
2.03198
1.96035
1.9415
1.97418
1.98549
2.03701
1.93648
2.03198
1.99177
1.97418
1.98046
2.00182
2.03827
2.03198
1.96789
2.04329
1.988
1.96664
2.01565
1.90883
1.99428
1.97418
1.98297
1.97292
2.02067
2.00308
1.9126
1.96287
1.93648
1.90129
2.04455
2.03952
2.07596
2.02193
1.93773
2.02067
1.93522
2.12246
2.0345
2.02193
1.97292
1.96664
1.90004
2.00559
2.04581
2.03575
2.03073
1.97669
2.01942
2.03198
1.99177
1.99051
2.0257
1.96287
2.05963
2.05963
1.98297
2.01816
2.05083
2.05837
1.92768
1.99051
1.98926
1.98674
1.94904
1.99177
1.9415
2.02067
1.98549
1.92768
2.01565
2.04832
1.97543
1.93522
2.01062
1.96538
1.9792
2.0345
1.99805
2.01439
1.94904
2.00182
1.94527
1.94779
1.9968
2.0169
2.05837
2.00685
2.06842
1.9415
2.07471
2.08727
2.01188
1.99051
2.00434
2.02319
2.05711
1.96161
2.02444
1.94904
1.96161
2.02696
1.9415
1.95658
1.92265
2.00685
2.00811
2.02067
2.02696
2.03324
2.05963
1.96664
2.0169
2.04204
1.96664
1.96915
1.96035
1.99428
1.88998
1.92391
2.00434
2.02444
2.01816
2.02319
2.00182
1.93773
1.97292
1.99554
1.92894
2.03324
2.05083
2.02067
2.04581
2.02444
2.04581
1.99051
1.97795
2.02067
1.93145
2.0257
1.94276
2.0169
1.95533
2.02067
2.02067
1.98172
2.04581
2.06591
2.00936
1.97795
2.00308
1.99303
2.08225
2.00182
1.97418
2.06968
1.9126
1.94904
2.00308
2.00057
2.00685
1.99177
1.99428
1.94653
2.05083
1.99931
1.93019
2.00936
2.03952
2.04832
2.03701
1.99554
2.01062
1.988
2.02319
2.0257
1.96161
1.97292
1.99428
2.04455
1.99554
1.97669
2.02947
1.99554
2.03324
1.94276
1.94025
2.00434
2.04329
1.9792
2.03198
1.93019
1.9792
1.98297
1.96412
2.00811
2.03324
2.07219
2.04204
2.04204
1.98172
1.99805
2.05711
1.96538
1.97669
1.96287
1.99177
1.98674
1.98046
2.05586
2.0546
1.95156
1.97292
1.98926
2.01565
2.00057
2.00308
2.08979
1.98046
1.93522
2.02193
2.05334
1.93899
2.00936
2.0169
2.00811
2.06842
2.02821
2.0835
1.98172
2.02193
1.97041
2.05586
2.05963
1.96538
1.99805
1.99554
1.98172
1.97669
1.95156
2.03324
1.97669
2.03575
2.00685
2.01439
1.99805
2.02947
2.0345
1.96789
1.96664
1.92768
2.01565
2.08727
2.04078
1.99428
2.00685
2.03073
2.00057
1.96035
1.97669
1.98297
1.98423
2.04706
2.02821
1.98046
1.9591
1.99303
1.98172
1.98046
2.01942
1.96915
1.88621
2.00936
1.97041
2.00308
2.01188
2.02444
1.95784
1.93396
1.97166
1.99805
2.00685
