1.99843
2.03274
2.01766
2.03274
1.99667
2.01715
2.01238
1.99102
2.01602
2.01426
2.012
2.01074
1.99378
2.00446
2.01803
2.00484
2.01552
2.01653
1.98209
2.01929
1.96035
1.98687
2.00798
2.00635
2.0071
2.02997
2.00484
2.01389
1.97217
1.99064
2.01866
1.99793
1.99592
1.98021
2.01602
2.0218
2.00534
2.00358
2.0213
1.99102
1.96651
1.97694
2.0061
2.00308
1.99918
2.01766
1.98096
1.99164
1.99931
2.02231
2.00785
2.01137
2.02017
2.01854
2.01665
2.0203
2.01074
2.00182
2.00823
1.99328
1.9792
2.00119
2.02545
1.99504
1.98888
2.00584
1.99944
2.00006
1.99164
1.99152
1.99579
2.00094
2.00057
1.98473
1.99303
2.01715
1.99793
1.98951
1.99328
1.99529
2.00811
1.99391
1.96601
1.99881
2.00685
2.00484
1.99014
1.99303
2.01162
1.99466
1.97179
2.00672
1.97644
2.01364
2.01137
1.99504
2.02004
2.00484
2.00321
1.99893
2.00446
2.00773
1.98976
1.99981
1.98486
1.9968
1.99479
2.00484
1.99051
2.00069
2.00371
1.98649
1.99931
2.01414
1.99353
2.02381
2.00999
1.99868
1.98875
1.99893
1.9919
1.97367
2.00383
2.01389
1.99378
1.9968
1.9973
1.98888
2.00082
1.99642
2.00924
1.99378
1.99076
2.00622
1.99391
2.01301
1.98272
1.98611
1.96814
1.96953
2.00848
1.99265
1.99642
1.9875
1.99391
1.99768
2.00145
2.00748
2.00924
1.99014
1.99365
2.00509
2.01414
2.01024
1.99391
1.99328
2.01414
1.98737
1.9973
2.00622
1.98951
1.97179
1.98926
2.01326
1.98813
2.00936
1.99202
2.01439
1.97895
2.00421
2.00283
2.00496
2.00635
2.00057
2.00572
2.00019
1.9978
1.99692
2.01074
1.98599
1.99944
1.99064
2.00698
2.01276
2.00496
2.02771
2.01703
1.98436
1.99504
2.00974
2.01074
1.99893
1.9733
1.99403
2.00094
1.99793
1.97832
1.99504
1.99428
2.01866
1.98059
2.00886
2.011
1.99014
2.00911
2.02771
1.99202
2.00333
2.00534
2.00584
2.01087
2.01439
2.00987
2.00974
1.97367
2.00748
2.00685
1.98838
2.02633
2.02105
2.0027
2.0076
2.00723
1.98988
1.9792
2.00358
2.00408
1.98486
2.00321
2.00496
2.01414
1.988
1.98762
1.97694
1.9792
2.01741
1.99504
2.02532
2.00396
2.01401
1.9919
1.99001
2.01326
1.98649
1.98348
1.99428
1.99315
1.98172
2.02708
2.02696
2.0022
1.9831
1.96701
1.98988
2.00195
1.99856
2.00584
1.99868
1.98536
2.02118
1.98838
1.98951
2.01715
2.01037
2.00798
1.99278
2.00094
1.99654
2.0125
1.99856
2.01087
2.00019
2.00698
2.01062
2.00823
1.99127
2.01627
1.99026
2.01263
2.01288
2.00572
2.0076
1.98448
1.9968
1.99164
2.00534
1.98926
2.01565
2.01024
2.0066
1.99793
1.99994
1.99441
1.99944
2.01577
2.00082
1.98712
1.98046
1.99541
2.02105
2.00572
2.0169
1.99604
2.00547
2.011
2.00522
2.00999
2.01074
1.99956
1.98913
1.99102
1.97028
2.00182
1.99315
2.00308
1.99654
1.99994
2.01364
2.00132
2.01552
2.00748
1.99014
1.98838
1.99994
1.98976
2.00785
2.01879
2.00597
2.00069
2.01477
2.01828
2.00961
2.00321
2.02168
1.99491
2.00157
2.00823
1.99328
1.99567
1.99491
2.0017
1.98875
2.00233
1.99441
1.99529
2.0061
1.99705
1.98297
1.97443
1.98687
2.00408
2.01049
2.01464
2.00647
2.0164
1.99051
1.98988
2.00723
2.00258
2.02017
1.9929
2.00434
2.01477
1.98988
1.99717
2.02595
1.97455
1.98348
1.99705
2.00182
1.99617
2.00371
2.02055
1.99604
2.00647
2.00346
2.00735
2.02042
1.99981
1.98398
1.99994
2.00446
2.00672
2.01703
1.98825
2.01653
2.01665
2.01213
1.99202
1.98674
2.00321
1.98875
1.99755
2.01301
1.98448
1.99554
1.99315
1.99579
2.03047
2.00031
1.99491
1.98134
2.02394
1.98775
2.00107
1.99755
1.98046
1.98951
2.00471
1.99491
1.98549
2.00496
2.01803
2.01627
1.99064
2.00459
2.00283
1.98511
2.00936
1.99918
2.01049
2.00484
2.02407
1.99893
2.00899
2.02369
2.00899
2.011
2.02243
2.01552
2.00132
1.9929
1.99629
1.99491
2.01929
2.02168
1.98222
1.99868
1.99164
2.0125
1.99793
1.98084
1.99755
2.0125
2.0061
2.01301
1.98461
1.98373
2.00572
1.98561
1.99629
1.99164
1.98674
1.99202
1.99667
1.99667
1.98775
2.01565
1.99529
1.98322
1.98511
1.99089
1.9875
1.97845
1.99491
1.99654
1.99491
1.97732
1.99365
1.99705
2.01263
1.98624
1.99604
2.00446
1.97958
1.9983
1.98838
1.99994
2.00459
1.9924
2.00496
2.00987
2.00408
1.97556
1.98699
2.00635
1.98649
1.97631
2.00182
1.99818
1.99466
2.02042
1.99805
1.97732
1.99227
2.01816
1.99152
1.99642
1.9831
1.99793
2.01125
2.01049
1.99843
1.99654
1.99629
2.01803
1.99667
2.01389
1.98348
1.99516
1.99504
2.00346
2.01175
1.96928
1.99039
2.00333
2.00471
2.00145
1.9968
1.99378
1.99805
2.01276
2.00999
1.99906
2.0071
2.00584
1.9919
2.00823
2.01037
1.9983
2.01037
1.97832
2.01866
2.01653
2.00006
1.97858
2.00861
1.99102
1.98147
2.00484
1.98863
2.0066
2.01451
2.00371
2.0027
1.97795
2.00961
1.98875
2.00886
1.99102
2.00408
1.99353
1.99177
1.9919
2.00735
1.99466
1.99931
1.98059
1.98385
1.99579
1.98951
2.01715
2.02985
1.99856
1.98498
1.9919
1.98524
1.96689
2.00207
2.00308
2.01288
2.01351
1.99705
1.99328
2.00496
2.01439
1.99177
2.00534
1.97908
1.99353
1.98561
1.96752
1.97958
2.00233
1.99642
2.00434
1.98838
1.97455
1.9738
2.01502
1.99592
1.99353
1.98951
1.99491
1.99391
2.01414
2.01728
2.00295
1.98813
2.02004
1.99378
1.99215
2.01175
2.02067
2.00006
2.00823
2.03701
1.99755
1.99981
1.99981
2.0301
2.01602
1.99592
1.9973
1.97682
2.00622
2.00924
1.99252
2.00119
1.99567
1.99944
1.97971
1.99856
1.99529
1.99893
1.98574
2.00949
2.00496
2.01854
1.98913
2.01288
2.00082
1.98624
1.99742
1.99328
2.01401
1.99768
2.0061
1.98448
2.00559
2.01602
2.01062
2.00132
2.00195
1.98725
1.98247
2.01615
1.98637
1.99479
1.97305
2.0076
1.99818
2.00987
1.99981
2.0061
2.01477
2.01766
2.00132
1.97468
1.98059
2.00006
1.99906
2.00044
2.00094
1.99026
1.99378
1.99944
1.99969
1.99416
1.99177
1.98825
2.00207
2.01828
1.97481
1.98398
1.99139
2.01665
1.98712
2.02532
2.01364
1.98674
2.0061
2.00408
2.00534
2.01024
2.00358
2.00622
1.98059
1.99969
1.9689
2.00358
1.99315
2.01125
2.03022
2.01351
1.99353
2.00496
1.98863
1.98649
2.01602
1.98775
1.99076
2.01854
1.99768
2.0022
2.00999
2.00924
2.00559
1.99654
2.00094
1.9738
1.98209
1.99717
1.99617
1.99265
1.95771
2.00119
1.99579
2.03073
2.00748
2.01954
2.00044
2.01741
2.02369
2.00421
1.99076
1.97166
2.00999
1.99378
2.00773
1.99428
2.00182
2.0066
1.9885
2.0125
2.00509
2.03286
1.98423
2.00157
1.9875
1.98398
2.00371
2.02934
1.98121
2.00094
2.01979
2.00584
2.00132
2.00082
1.97795
1.99579
2.01376
2.00798
2.00383
1.96538
2.00672
2.00346
1.99742
2.01866
2.00534
2.01602
1.99378
2.00559
2.00672
2.00321
2.00622
1.97053
2.00773
1.98888
1.98373
1.98699
1.99177
2.01464
1.98549
1.9733
2.00647
2.01854
1.98109
2.0066
2.00748
2.02042
2.00961
1.98838
2.00622
2.00911
1.98649
2.00685
2.00496
2.00333
1.98787
1.98473
1.98926
2.00698
1.9738
1.97644
2.01376
2.00346
2.01225
1.99642
1.98775
2.00848
2.0027
2.01502
1.99139
2.0022
2.01439
1.99039
1.99868
2.00949
2.0076
2.00798
1.99365
1.98712
2.01062
1.99529
1.98762
1.99981
2.01766
2.02193
2.00886
1.99453
1.98901
2.0203
2.00119
1.99642
2.01527
1.99089
2.00899
2.00974
1.99453
2.00233
1.9934
2.03827
2.00559
1.98209
2.00082
2.00735
2.00471
1.96601
2.00647
1.99152
1.99202
1.99567
1.97581
1.99931
2.00509
1.9836
2.00207
1.99529
1.98988
2.01502
1.97807
1.98813
1.97682
1.99994
1.99994
2.00949
1.98436
2.00899
1.9983
1.99805
1.99353
1.99076
2.00207
1.99667
2.01464
2.00132
2.00057
1.99303
2.00107
2.00195
1.99227
1.9919
2.00107
1.98423
1.99139
2.00069
1.99416
2.02419
2.0071
2.02344
2.01225
1.99742
1.98863
1.97166
1.99692
1.98134
2.01401
1.98938
2.0125
1.99868
1.99076
2.00873
1.9694
2.00044
1.98159
2.00333
1.98272
1.98725
2.00346
2.00006
2.0164
2.02243
1.99202
2.00572
1.988
1.98938
2.00987
2.01778
1.96676
1.9831
2.00069
2.00295
1.99579
2.01401
1.97355
2.00836
1.98926
1.98787
2.01916
1.98574
2.01665
1.9924
1.97682
1.98875
1.99918
1.99956
2.00509
1.98988
1.99805
2.00484
2.00685
1.99202
2.00207
2.01816
1.98071
1.99428
1.97996
2.03211
1.9924
2.01703
2.00031
1.99906
1.99768
2.00748
2.01439
1.97468
2.01778
1.98209
1.99051
1.99391
1.98649
1.99868
2.0027
2.01087
2.02243
1.99755
1.97631
2.01276
1.99139
1.9919
1.99918
2.00484
1.98524
1.99629
1.98373
2.01389
1.99227
1.98913
1.99654
2.01276
2.01188
1.97958
1.98687
1.99906
2.00182
1.98096
1.99818
2.01049
1.98033
2.00321
1.98787
1.9787
2.03123
1.9968
1.98084
2.00572
2.00509
2.00698
1.99127
2.00999
1.99391
2.00459
2.00509
1.99931
2.00509
1.98951
2.011
2.01791
2.0252
1.98813
2.01615
2.01288
1.98863
1.99579
2.00044
1.9826
1.98536
1.99152
1.988
2.00371
1.99629
2.01326
1.99818
2.00622
1.98951
1.98863
2.00836
1.99001
2.00459
2.00496
1.99265
2.02494
2.00233
1.9978
1.97468
2.01112
2.01527
2.01502
1.99629
2.02243
2.01175
2.03412
2.00283
2.03186
2.01904
2.01514
1.99705
2.0061
1.99114
2.00057
1.9841
2.00107
2.00496
2.01012
2.01803
1.98674
1.99944
1.98637
2.0022
2.01439
1.99541
1.9978
1.99981
2.01942
1.9973
1.99604
1.99529
2.02633
2.00961
1.98687
1.99227
1.99001
2.00886
2.00974
1.99315
1.99579
1.99843
1.99504
2.01301
2.00509
1.98574
2.00987
2.02532
1.97129
1.99994
1.98599
2.01464
2.00949
2.01879
1.99717
2.00647
1.99805
2.01062
2.00899
2.0159
2.01338
1.98121
2.00132
1.99554
1.99667
2.00333
1.98222
1.98348
2.00886
1.99592
1.98473
2.01389
1.98825
2.00182
1.98699
1.98247
1.99579
1.99215
2.00647
2.00421
1.99026
1.98649
2.01364
2.00383
1.98699
2.02407
2.01904
2.01967
2.00157
2.00861
2.01376
1.98084
2.00207
2.00119
2.01502
2.00899
1.99039
1.97556
1.98222
2.00145
1.99592
1.97908
2.01464
1.9929
1.99278
2.00195
1.98838
2.00471
1.99504
1.97656
1.99391
1.99981
2.0022
1.9831
1.98234
2.00748
2.01627
1.99554
2.01225
2.03487
1.98888
1.98461
2.00421
1.99856
2.00672
1.99479
2.00157
1.99127
1.97229
2.00635
2.00723
1.98662
1.98385
1.99215
1.98901
1.99969
2.01213
2.00723
2.00119
1.98033
2.01451
2.00295
2.00044
1.99164
1.99014
2.00848
2.00597
2.00987
2.00748
1.98813
2.00434
1.98901
1.9973
1.99164
2.02482
2.00534
1.99969
1.98825
2.00572
2.01502
1.98838
1.99202
2.012
2.00873
1.99981
2.00836
1.99705
2.02306
2.00949
1.98172
2.00572
1.99202
1.97028
2.02155
2.00308
2.00082
1.98461
1.98775
2.0066
1.98033
1.98536
1.98549
1.99114
2.01338
1.99541
2.00748
2.02557
1.9983
1.99969
2.00094
2.01313
2.0164
1.99303
1.98486
1.99843
2.00182
1.99152
1.99541
2.02092
1.98398
1.99604
2.00572
2.0027
1.9782
1.99567
1.98838
1.9973
1.99554
1.97933
2.01188
2.00207
2.00182
1.98561
1.97129
1.98373
2.00321
2.00258
2.00685
1.97958
2.00961
1.99717
2.00522
2.00358
1.99705
2.01074
2.00886
1.9924
1.99152
1.99164
1.99768
1.98938
2.0159
2.02042
2.00396
1.98737
2.01074
2.02884
2.00949
1.99969
2.00321
1.98976
2.00044
1.95822
2.00057
1.98109
1.98825
1.98838
1.99076
1.96274
2.00748
1.9826
1.98021
1.99906
2.00748
2.00974
2.00785
2.012
1.99365
1.99064
1.99818
2.00811
2.01087
2.00949
2.01338
1.99579
1.99567
1.99365
2.00421
2.01741
1.99717
1.99127
2.00346
1.99089
2.00572
2.03651
2.00723
2.00723
2.00823
2.01288
2.01439
2.00999
1.98398
2.00534
1.97945
1.97858
2.01778
1.99529
1.99705
2.00446
1.99918
2.00308
1.99076
2.00258
1.97594
1.99466
1.9777
1.99177
1.98624
2.00484
2.02771
1.99014
1.99529
1.98172
2.01213
1.98838
2.00685
2.02017
1.97895
2.01992
1.96814
1.99994
2.00987
2.03123
1.98649
2.0017
2.00006
2.01112
1.97732
2.00446
1.97908
2.0115
1.97003
2.00848
2.00132
2.01439
1.99504
1.99001
1.99579
1.99416
2.00157
2.01364
2.00258
1.98825
2.01049
2.00157
1.98901
2.02545
1.99365
2.00723
2.00157
2.00233
2.00597
1.99504
1.99906
1.99554
2.0208
1.99064
1.99793
1.99227
2.00031
2.01653
1.98285
1.97506
2.01451
1.99403
1.9792
1.99592
2.01301
2.00233
1.99001
1.9684
2.01175
1.98813
1.99453
2.01866
1.97782
1.99893
1.99504
1.98662
2.0022
1.99416
1.97908
2.01137
1.98549
2.01213
2.00698
2.00572
2.00924
1.99026
1.98875
2.00911
2.00873
2.00408
2.01037
2.00572
2.0027
1.98662
1.99994
2.01502
1.9841
2.00798
1.99956
1.98159
2.00635
2.00132
2.00496
1.98071
2.00446
1.9777
2.01238
1.99541
1.98712
2.01715
2.00295
1.98737
2.01502
2.00057
2.00434
2.00019
2.00346
1.98951
2.01162
1.99479
2.00635
2.00094
2.01678
1.99541
2.02645
1.99742
1.99227
2.02105
1.97455
1.99617
2.00233
1.99278
1.99717
1.99742
2.01715
2.01954
1.98637
2.00773
1.99667
2.01803
1.98611
2.01904
1.99692
2.00836
2.01276
2.0345
2.01162
1.99793
2.00459
2.01263
1.99742
1.99252
1.98385
1.97405
1.99805
2.00459
1.98511
1.97543
2.0076
1.99139
2.00899
1.99152
2.01087
1.97908
2.01049
1.9973
2.00861
2.02407
1.99529
1.99717
1.98963
1.9929
1.98938
1.99541
2.00295
2.03387
1.99956
1.98297
2.01552
1.99391
1.9782
2.01828
1.98234
2.01301
2.00471
1.99604
2.00785
2.01213
1.99843
1.99617
1.99026
1.97279
2.00107
2.02909
1.98951
1.98712
1.98473
1.99353
2.0022
1.99403
1.99793
2.01841
2.02407
1.97594
1.98737
1.98021
1.9885
2.00207
1.99453
1.98963
2.00584
1.98976
2.0076
1.99554
1.99642
1.98926
2.01477
1.99001
2.00057
2.01753
2.01062
1.98511
1.98549
2.02067
1.97568
1.99064
2.00635
1.99001
1.99629
1.98511
2.00233
2.01125
2.01074
2.00735
2.01326
2.00019
1.98322
1.98486
2.03186
2.01577
1.99906
1.98963
1.99918
2.00987
2.00861
2.01678
2.02256
2.00371
2.0159
1.99353
1.99692
2.01037
1.98712
1.99102
1.99164
2.01087
2.01037
1.9924
2.00949
1.98687
2.00295
1.988
1.99931
2.0115
1.98536
1.97279
2.02683
2.00308
1.99353
2.02042
1.9782
1.98147
1.97594
2.00157
2.00346
1.99177
2.01615
2.0071
2.0071
1.97594
1.99252
1.98988
1.99969
2.00522
2.00547
1.98373
1.98385
1.97983
1.96789
2.01301
2.01263
1.99089
2.01539
2.00723
1.98863
2.00019
2.00873
1.99252
1.98121
2.00346
2.01037
1.98197
1.98838
2.02268
1.99994
2.00145
2.02004
2.00974
1.99428
1.99328
2.01175
2.03073
2.00509
1.98737
1.98335
2.01803
1.98586
1.97531
1.97104
2.02545
2.01024
2.01741
1.98775
2.01477
1.99843
2.00069
1.98787
2.01338
1.99315
1.99893
2.00484
1.99918
1.9934
2.00798
2.00371
2.02608
1.98134
1.99479
1.99742
1.99931
2.00207
2.00848
1.98712
1.97405
1.99504
2.01426
1.99717
1.98737
1.99479
2.0066
1.99416
2.00622
2.01778
1.99303
2.01665
2.00936
1.99403
1.98825
2.01238
1.97179
1.97104
1.9983
1.98687
2.00233
1.98109
1.99039
1.97832
1.98938
1.99667
2.00773
2.00145
1.97531
1.99944
1.99139
2.01451
1.9968
2.01627
1.99692
2.02105
2.00698
2.00119
1.99102
2.00346
2.00886
2.00006
1.98775
2.0164
1.97581
1.99541
2.00182
1.99428
2.02293
1.97682
1.9826
2.01012
1.98901
2.0076
1.99516
1.96852
2.0169
1.98285
1.99252
2.00383
2.00358
1.98297
1.99164
1.98209
2.00672
2.00811
1.99403
2.02042
2.00635
1.99768
1.99856
2.00647
1.99881
2.00283
2.00019
1.99278
2.01414
2.00823
2.01364
2.01678
1.97154
2.01213
1.99818
2.00597
1.98222
1.99994
2.01276
2.00245
1.99252
2.01854
1.99818
1.97543
1.99617
1.9934
2.01627
2.0017
1.99969
2.00848
2.01477
2.0208
2.01376
1.98951
1.9924
2.00823
2.01552
1.98901
2.00936
2.01502
1.97229
2.00408
2.01992
2.01615
1.98234
2.0061
1.99617
2.0448
2.04191
2.02017
1.98712
2.01037
1.9924
2.01087
2.02834
1.97732
1.9733
1.98825
2.00145
1.98348
2.00119
2.01627
2.01049
1.99303
2.02092
2.01112
1.98951
2.00057
1.98511
2.00082
1.99994
1.98561
1.98674
1.99856
2.02017
2.00484
1.97091
1.97908
1.99177
2.00295
1.9792
1.99717
2.00936
2.00358
1.988
1.99944
2.00446
1.99541
2.0071
2.00321
2.00949
2.00836
2.01162
2.00471
2.00635
1.99441
2.0125
1.99177
1.97807
2.00496
1.98649
1.98762
2.00421
1.99705
1.97669
1.98599
2.01024
2.00798
2.01238
1.99227
1.9983
1.98913
2.0017
1.99755
2.01389
1.98825
2.00446
2.00107
1.99014
1.9787
1.99127
2.01313
2.0022
1.99893
1.98297
1.98486
2.00321
1.97858
1.97267
1.99881
2.02105
1.99303
1.96827
1.99315
2.01766
2.02934
1.97506
2.01037
2.00421
1.99893
2.00446
1.99856
1.9924
2.00723
1.98234
1.98725
1.98335
2.01464
2.00145
1.9978
1.99365
1.99202
1.97543
1.98473
1.99529
2.01477
2.01426
2.00936
2.00748
1.97958
1.97191
2.00584
2.00006
2.01213
2.00584
1.99906
1.98611
1.98838
2.00484
2.00157
2.00396
2.02306
1.99567
1.99717
2.01074
2.00597
1.99516
2.00295
1.98687
1.99403
2.03035
1.99303
1.99227
2.01464
1.98775
1.99868
1.99793
2.01854
2.01627
1.98373
1.9841
2.00245
1.98687
1.99793
2.00848
1.99177
1.97732
1.99303
2.01049
2.01263
1.97594
2.01502
2.00094
2.00308
2.0125
2.0257
1.99793
1.98838
1.9924
2.01301
1.97644
1.96475
2.02469
1.99278
2.00836
1.99416
2.01326
1.99391
1.98611
2.00195
1.99755
2.01112
2.01125
2.01866
2.00308
1.9978
2.00069
1.988
2.00308
1.98008
1.99818
1.98699
2.00987
1.98938
1.99001
2.01037
2.01062
1.99265
2.00886
1.99315
2.00258
2.01929
1.99453
1.99252
1.9934
2.00899
2.00522
2.00798
1.98134
2.00145
1.97619
1.98561
1.988
2.01828
2.00245
1.99403
1.9924
1.99592
1.98775
2.00358
2.01426
2.01188
2.00785
1.99755
1.98775
2.04367
1.9733
1.98373
2.01037
2.01024
2.01715
1.98838
1.97543
2.02042
1.98699
2.00434
2.00949
2.01866
2.01439
2.0061
1.99994
1.98046
1.99592
1.97179
1.99793
2.00987
2.01049
2.012
2.00107
2.00233
1.98863
2.00873
1.99868
1.99667
2.02444
2.01037
1.98059
2.00019
1.97895
2.02821
2.011
2.00785
2.01451
2.01753
2.02331
1.98838
2.02582
1.99981
2.01175
1.98322
2.01866
2.0066
1.99127
2.03362
2.00873
2.00408
2.00484
1.99479
2.00597
2.00383
1.99252
2.01401
2.00785
1.99403
1.98687
1.98762
2.01791
2.00069
1.97883
2.00408
1.98913
1.98888
2.01615
2.00484
1.9983
1.97895
2.00157
2.0027
2.00873
1.98926
1.99265
2.00446
2.00811
1.99541
2.00735
2.02017
1.98737
1.99139
1.97254
2.0066
2.00735
2.01979
2.00999
1.97393
1.99064
1.99227
1.99931
1.99906
1.98561
1.98825
2.00559
2.00082
2.01841
2.00685
1.98033
1.99994
2.00559
1.9983
2.00936
1.98888
1.99667
1.98574
2.00471
1.9968
1.98348
1.99378
1.99918
2.02369
1.9792
1.97242
1.98335
2.01301
2.03336
1.99541
1.99365
2.00459
1.99139
1.99315
1.99441
1.98699
2.01364
1.9973
1.9738
1.99768
2.00434
1.99994
1.99315
1.99592
2.01715
2.01728
2.01766
1.98084
2.01389
1.98461
1.99818
1.9831
1.98838
2.01426
1.99654
1.98963
1.9841
1.98901
2.00999
2.0164
1.99692
1.99378
1.99127
2.00848
1.99969
1.99931
2.00685
1.97883
1.99592
2.00019
2.00195
2.0027
2.00069
2.00182
2.01137
2.00496
1.97518
1.9777
1.98348
1.98775
1.99416
2.00094
2.00119
2.00283
1.99755
1.98699
2.01401
2.00647
1.98109
2.01426
1.99755
1.99541
2.00886
2.00836
1.99956
2.00434
1.98084
2.01854
2.02582
2.00396
1.99152
1.99064
1.98699
1.98976
1.98473
1.99755
2.02055
1.99378
1.98838
1.98787
2.00886
2.01854
1.99102
1.9924
2.00107
1.99969
1.97455
2.00471
1.9792
2.02532
1.98134
1.98674
1.98574
1.99051
2.00031
1.97405
2.01062
1.99102
1.9978
2.01188
2.01074
1.99567
2.012
1.99265
2.03098
1.988
1.97028
2.04329
2.00006
2.0208
2.00936
2.00295
2.0027
1.97707
2.01364
2.00119
2.00157
2.02243
2.0169
2.00949
2.01288
2.01024
2.00936
2.01225
2.00534
1.9968
2.01565
1.99554
2.00597
2.00584
1.99303
1.9973
2.00823
1.99617
2.01125
1.98247
2.00572
1.98297
1.99604
2.00019
1.98461
1.99805
1.98775
2.00911
1.99868
2.01653
2.00358
2.00006
2.01263
2.00635
2.01175
2.00584
2.00006
1.99755
1.99969
2.00321
1.98498
1.99403
1.99252
2.02055
2.00396
1.98963
2.01665
1.98436
2.01276
1.97682
1.98109
2.00459
2.00132
1.99818
1.99403
2.02256
1.97531
2.00094
1.99152
2.01477
2.00886
1.98888
1.99114
1.99001
1.97682
2.0159
1.98448
1.99102
1.97393
1.98875
1.99026
2.00584
1.99654
1.99215
2.0022
1.99453
2.01389
2.01703
2.02407
1.9983
1.98938
2.00207
2.00949
1.98976
1.99768
2.00685
1.98473
2.00333
1.98913
2.00773
1.98863
2.00371
2.01137
1.98712
1.98473
1.9929
2.01012
2.02256
1.99102
1.99403
2.01238
2.00434
2.00233
2.00873
2.01401
1.99403
2.00534
1.99579
2.00773
2.01213
2.0027
1.98297
2.01514
1.988
2.00446
2.00383
2.00999
1.99114
2.00308
2.00157
1.99881
2.01112
1.97682
1.98423
2.01401
1.9836
2.01451
2.0125
1.9699
2.00547
1.97669
2.02394
2.00119
1.99567
2.02922
2.00145
1.99541
2.00145
1.98787
1.98624
2.02645
2.01049
2.02582
2.02042
2.0115
1.99944
2.02595
1.99039
1.98838
2.0066
2.01577
1.98863
1.99353
2.01125
2.01715
2.01401
1.99227
2.00157
2.0017
2.00635
2.01891
1.99064
1.97782
2.00245
2.01942
1.9782
2.012
1.99303
2.0301
1.98687
1.98888
2.01037
2.02319
2.00019
2.00873
1.99818
1.99403
2.01062
1.98586
2.00346
1.9924
1.98059
2.01389
2.00773
2.00924
1.98147
1.99956
1.99114
2.01464
1.97719
2.00572
1.98134
2.01313
2.01866
2.01276
1.98524
2.01565
2.01879
1.99479
1.97945
2.0022
2.02268
1.96639
2.00471
1.98448
1.9919
1.99278
2.00522
2.01162
2.00258
2.00157
1.99479
2.00974
1.99365
1.98963
1.99617
1.99994
1.98524
1.98611
2.00597
1.98787
1.99114
2.00698
1.99592
1.99554
2.01351
1.98524
1.99579
1.98637
1.99152
2.00597
1.99365
1.97795
1.99981
1.99931
2.01049
1.98926
1.99805
2.02457
2.00748
1.99642
1.98473
1.99592
2.0164
1.99654
1.99164
2.00773
2.01037
2.00861
2.01376
1.99617
2.02545
2.00559
2.00006
2.0252
2.01263
2.012
1.97506
2.01992
1.99353
2.02859
1.98448
1.98524
2.00974
2.00157
1.988
2.00559
2.00044
2.00899
2.01062
2.01803
2.0125
2.00723
2.0027
1.99944
1.97908
1.99856
2.00207
2.00999
2.00207
2.00321
1.98599
2.00773
1.99642
2.02004
2.02997
2.00119
2.00873
2.04555
2.01879
2.00057
1.98423
1.98436
2.00773
1.99227
2.00107
1.9924
2.00559
2.01627
1.98109
2.0066
2.0071
1.98875
1.9919
2.00522
1.99428
1.97682
1.98762
1.99516
2.01351
1.99818
2.02457
2.00434
2.00145
2.0071
2.01062
1.98059
2.0218
1.9831
1.99303
2.01338
2.02582
1.97141
2.00496
2.00019
1.99931
2.00798
1.98699
1.97217
2.00547
1.99403
1.98436
2.00308
2.01828
2.0022
2.02934
1.98448
1.99755
2.00119
1.98913
2.02168
2.0267
2.00823
2.00371
1.98486
1.99969
2.01678
1.99416
2.01489
2.00446
2.0218
2.01627
2.00823
1.99692
2.00408
1.98662
2.011
1.98008
1.96639
2.0203
2.02319
2.00572
1.99944
2.0267
2.01728
1.97631
2.00798
1.96387
1.99265
2.00069
1.99793
2.00484
2.01904
1.99617
2.03123
2.00748
1.99215
2.01137
1.99365
1.97405
1.99742
2.01062
1.98561
1.98398
1.98222
1.98863
2.00899
2.02256
1.99956
1.97254
1.99453
2.00107
1.99365
1.99504
2.02595
1.99391
2.01238
1.99592
1.99453
1.98209
1.99014
1.99617
2.00735
2.0017
1.99491
1.99931
2.00094
2.00698
1.98511
2.00547
2.00245
2.01276
2.00258
2.0027
2.00811
1.9782
2.02683
2.01012
2.01062
2.00961
1.9777
1.99541
1.99579
1.98951
2.01062
1.99026
1.99064
1.99642
1.9978
1.99089
2.01703
2.00484
2.00119
2.01074
2.01728
1.97305
2.00233
2.00886
1.97292
1.99491
1.98335
2.00383
2.00082
1.99265
1.9973
1.9983
1.99051
2.00811
1.99667
1.98813
2.00195
1.99956
2.00371
1.99793
1.98725
2.00057
1.99931
1.99164
2.01263
2.01225
1.99315
1.98046
1.98561
1.99353
2.01137
2.01313
1.98285
2.0115
1.99428
2.00371
2.01766
2.02105
1.99604
2.00899
2.0061
1.99793
2.01854
2.01451
2.02934
2.00572
1.98046
2.0115
1.97883
2.00698
1.98109
1.98549
1.99629
2.00949
2.01929
2.01401
2.01828
1.99956
2.03362
1.99868
2.01137
2.00748
1.99491
2.00597
1.98863
1.99818
1.99428
1.97958
1.99114
2.00346
2.00019
1.98988
1.99076
2.02758
2.01137
2.00396
2.00383
1.98486
1.98674
1.99466
1.99893
2.02193
1.99215
1.98825
2.00019
2.00597
2.04266
2.01137
1.99102
1.99491
1.98787
2.01954
2.00057
2.00886
1.99755
2.01288
1.99441
1.99856
2.00132
1.99278
1.97443
1.97619
1.97581
1.99139
2.01816
2.00207
2.00459
1.99931
2.00559
2.02407
2.00421
1.99981
1.99755
1.98662
2.01401
2.02319
1.97518
2.01137
1.98059
2.01439
2.00396
1.99692
1.95093
2.00396
1.99604
1.99378
2.0071
1.98272
1.99428
2.00949
1.99328
1.99969
2.00446
1.99365
2.00182
2.00371
1.99278
2.00383
2.02193
2.00094
1.99315
2.00094
1.99076
2.00434
2.00698
1.98184
2.01715
1.98901
1.99944
2.00094
2.01213
2.00974
2.01364
1.98033
2.00421
1.99039
1.99667
2.00899
1.99428
1.99805
1.9973
2.01049
2.03022
1.98574
2.0125
2.01552
2.00006
1.98737
1.99717
2.00157
2.0027
2.0061
1.99014
1.99001
2.00496
1.97795
1.98473
1.99365
1.98988
1.99215
1.98586
1.97983
2.00408
1.97908
2.00647
1.97342
1.99466
2.02381
1.98637
2.00735
2.00019
1.9973
2.03525
2.00471
1.99793
1.99742
2.00283
1.99604
2.01338
2.00019
1.98988
2.00496
1.99818
1.99592
1.97895
2.02846
2.02042
2.01916
1.98524
2.00333
1.98951
1.96764
2.00094
2.00987
2.0027
1.99579
1.99227
2.00295
1.98398
2.00421
1.99014
2.00496
1.99139
2.01238
1.99994
2.0022
1.99114
2.00396
1.98712
2.01338
2.0022
1.98901
2.01338
2.00006
1.98498
2.0267
2.0164
1.99479
2.02444
2.02796
2.01715
1.99868
2.00044
2.02155
1.99453
1.99378
2.03324
1.99667
2.01049
2.00094
1.99793
2.01401
1.99215
1.99215
2.01904
2.0061
1.97644
2.01665
2.00572
2.01816
1.99139
2.00119
2.00195
1.98662
2.00534
2.0066
2.0066
1.99629
1.9978
1.99403
1.964
2.00987
1.99227
2.011
2.00145
1.99868
1.98033
1.99868
1.97116
1.99981
2.0267
1.98988
2.00358
1.99441
1.99906
1.99391
1.98574
1.99378
2.03399
2.00848
2.02859
1.98561
1.99667
1.98285
1.98586
1.99529
2.01942
1.99617
1.99026
2.01451
1.97443
1.99843
1.99278
2.00949
1.98147
1.99516
2.00534
2.01401
1.99755
1.99642
1.99479
2.00069
1.99793
2.00233
2.00509
1.99416
2.00044
1.98008
2.00421
2.02004
1.98285
1.99177
2.01653
2.00132
1.99931
2.00484
2.00233
2.01024
2.00233
2.01615
1.98423
1.97971
1.99906
2.01954
1.98197
1.99416
2.00283
1.9968
1.98599
1.98762
2.01225
1.99428
1.9885
1.96249
2.00559
1.99592
2.00748
2.02243
1.99579
2.00597
1.99441
1.97066
2.01451
2.01451
1.99994
2.00773
2.00899
2.00509
2.01678
1.98549
1.99416
2.01313
2.00685
2.00434
1.99215
2.00911
2.00823
1.98762
1.98838
2.01828
1.95684
2.00233
2.00597
1.99529
2.01451
1.98662
1.9929
2.01602
1.98222
1.99742
2.01678
1.99692
2.00132
2.01087
1.9983
2.00119
1.99164
2.01263
2.01301
1.99818
1.98574
2.01125
1.99516
2.00785
2.00031
2.01338
1.98926
2.01112
2.00785
1.99315
2.00434
2.02168
2.00559
1.9826
2.01087
1.99102
2.00672
2.00182
2.00283
2.00836
1.99918
2.01024
2.01037
2.02243
2.01037
2.011
1.99994
1.98121
2.00396
1.99014
2.02105
2.00748
2.03299
2.01502
1.99906
2.01854
2.01602
2.0027
2.0022
1.99114
1.97028
2.01301
1.97757
1.98813
2.0061
2.00421
2.0076
2.00471
1.99215
2.00434
1.9978
2.00509
2.02595
1.99466
2.00207
1.98737
1.98536
1.98926
1.99541
2.02017
1.99504
1.9983
1.9738
2.02733
1.99164
1.99202
1.99227
1.99152
1.98473
1.98863
2.00484
1.99252
2.00748
1.96538
1.98863
2.01426
1.97945
1.99089
1.9792
2.01389
2.01175
1.99529
2.00547
1.99516
2.00119
2.00559
2.00647
2.00911
1.99969
1.9983
2.01942
1.99768
1.97581
1.988
1.98988
2.00685
2.0071
2.02771
1.99592
2.00321
2.0311
1.99328
1.98737
1.99303
2.0071
1.98825
2.00207
2.00182
2.00974
1.99453
2.00295
1.99328
1.98712
1.98524
1.98712
2.00119
1.98461
1.98762
1.99001
1.99303
1.98247
2.02771
2.00672
1.99793
1.99064
2.01967
2.00446
1.99479
2.00082
1.98637
2.00434
2.00258
1.99554
1.98787
1.98348
2.00949
2.01137
2.00961
1.98524
1.9973
2.00873
1.98976
2.01301
1.9787
2.00987
2.00936
1.97644
2.01175
1.99039
2.00207
2.00346
2.0017
1.99881
2.01313
1.98825
2.00132
2.00987
2.01602
1.98725
1.99994
2.00383
1.99755
1.99856
2.01552
1.9978
1.99944
1.98674
1.99579
1.99039
1.99127
2.00346
2.01401
1.98461
2.0203
2.01389
1.99466
1.98938
1.99378
2.0076
1.98297
2.01967
2.01678
1.99529
2.00031
1.99039
1.99856
1.99403
2.00119
1.98536
1.99843
1.9787
1.99881
1.9826
1.99127
2.00333
2.01627
1.99428
1.98222
2.0071
2.02218
1.99567
2.00936
2.01024
1.98147
2.01112
2.00182
1.99089
2.0061
1.98875
2.0076
1.99868
2.00999
2.00295
2.00434
1.9929
2.02897
1.98423
2.00559
2.0076
2.02205
1.98963
2.01539
2.00773
2.00295
1.98121
1.98725
2.01049
2.01049
1.99667
2.00496
2.02319
1.98901
1.96513
2.00836
2.00258
2.01338
2.01992
1.98787
1.99981
1.99918
1.98674
2.01351
2.00698
2.00949
1.9929
2.0076
2.01288
2.0076
2.01414
2.0071
1.98599
1.99114
1.98423
2.01389
1.99328
2.0066
2.02268
1.99856
1.98875
2.00044
2.00773
1.99541
1.99441
2.00547
1.98813
2.01439
1.99768
2.01602
2.0076
2.00157
1.99215
2.00484
1.9885
2.01803
1.9934
1.99504
1.98222
1.98423
1.99944
1.98159
2.0071
1.99177
2.00698
2.00924
1.9978
2.012
1.99893
2.0169
1.99529
1.99667
1.99805
2.0061
2.01489
1.99014
1.99265
1.98611
1.98272
2.00031
2.0027
2.00735
2.00459
2.0061
2.00295
2.00031
2.00974
1.98486
2.01024
2.00836
1.99893
1.99755
2.01326
2.02494
1.99604
1.9919
2.01012
1.99403
1.99365
1.99592
2.0115
2.00936
2.02268
1.98561
2.04116
2.0022
1.98863
2.00321
2.00723
1.9929
1.98762
2.01037
1.9924
1.97016
1.99466
1.98649
2.01766
2.02758
2.01451
2.0164
1.98888
2.011
1.97983
1.99152
1.99793
1.99805
2.01049
2.00346
1.98448
1.99579
2.01074
1.99014
1.99466
2.00019
1.99089
1.98901
2.00987
2.011
1.99554
2.01514
2.01338
1.98398
1.99202
1.99654
1.97845
2.01389
1.98586
1.98712
2.01816
2.00698
1.99981
1.98838
2.00961
1.98762
1.97732
2.01766
2.02168
2.00195
2.01577
1.98461
1.9983
2.00044
1.99818
2.00082
1.99642
2.00295
1.96877
2.00019
2.00924
1.99843
2.00597
1.99629
2.01653
1.98649
1.99227
1.98762
1.99089
1.96752
1.99089
2.01841
1.99215
2.00333
1.98888
1.99064
2.00094
2.00119
2.00006
2.01112
2.0115
2.00547
2.00886
2.01753
2.00685
1.98121
2.011
2.00886
2.02105
1.9983
1.99391
1.9934
2.01451
2.02909
2.00823
1.98486
1.99856
1.99278
2.00295
2.00031
1.99215
1.98787
1.98234
2.03274
1.99026
2.00635
2.02809
1.98059
1.98109
1.9983
2.02859
2.0071
1.99981
2.0061
2.00233
2.00798
2.00145
2.00258
2.02457
2.0027
2.01338
2.01313
2.00006
2.01062
2.00371
1.98825
2.00057
1.98825
2.00811
2.00383
1.98159
1.99089
2.011
2.00245
1.98536
1.98121
1.99014
2.01414
2.0066
1.98147
1.98599
2.00396
1.98825
1.98285
1.9875
2.00961
1.98498
1.9841
1.99466
2.00459
1.98951
2.01514
2.01213
2.02319
2.01364
1.97983
1.99278
1.99391
2.00773
2.0027
2.01364
2.00987
1.99202
2.01175
1.99617
1.97656
2.00421
1.98988
1.98938
1.97795
2.00321
2.01213
1.988
1.99918
2.01313
1.99114
2.00773
1.9787
2.0061
2.00207
2.01351
2.03223
1.99504
1.98888
2.01665
2.00635
1.99001
1.99365
2.01137
2.00811
2.01263
2.00371
2.01401
1.9841
1.98838
1.98147
1.99692
1.98448
1.97694
1.99604
1.99051
1.99881
2.00723
2.01803
2.00295
2.01125
1.99076
2.00031
2.00258
2.00446
2.01112
1.98234
1.98825
1.99768
1.9919
2.02231
2.01238
1.98335
1.99202
2.00974
2.00421
2.00006
2.00811
2.0159
2.03625
1.98963
1.98184
2.02394
1.99391
2.02331
2.00622
1.99064
1.98008
2.01451
1.99001
1.98888
2.00107
1.98096
1.99541
1.98272
2.00471
1.9875
2.03161
1.99177
2.01766
2.01087
2.02985
1.98285
1.9973
1.99265
1.99265
2.02407
1.98825
1.98059
1.99026
2.00283
2.02419
1.99403
1.98524
2.00371
1.98322
2.00773
1.97795
1.96865
1.99567
2.00182
2.00961
1.99529
2.01263
2.00509
1.99654
1.98184
1.99931
2.01238
2.01866
2.00207
1.98448
1.98825
1.99001
1.98775
2.01276
1.9875
1.99051
1.98637
2.00195
1.97744
2.00245
2.01125
2.02708
2.00258
2.00396
2.01891
1.99629
2.00446
2.00848
1.97217
1.97883
2.02608
1.98963
1.99453
2.01351
2.00434
2.02331
1.98586
2.0061
1.97468
1.97166
1.98322
1.96764
2.01288
2.00308
2.01062
1.98184
1.99227
1.99089
2.00057
2.02331
2.01866
2.02633
2.00547
1.99893
1.99428
2.00233
1.99102
2.00408
1.97945
2.00321
1.99592
2.02419
2.02582
2.01715
1.98473
2.00157
1.97996
2.01087
1.99479
1.99843
2.00434
2.00748
1.9978
1.99177
2.0115
2.01301
1.98348
1.98611
2.00861
2.00119
1.97279
2.03889
1.9875
1.98473
2.00031
1.98687
2.01263
2.00157
1.99416
1.99918
1.99391
2.00107
2.00321
2.00258
2.00987
2.00031
1.97669
1.9929
1.98461
1.98775
2.01753
2.02482
2.00132
1.99956
1.98875
1.99742
2.00547
1.99403
2.00383
2.00057
2.01527
2.0027
2.00534
2.01665
2.00635
2.00672
2.03324
2.00082
1.99768
2.00459
1.99227
1.99315
2.00584
1.97543
2.00082
2.01012
1.97204
2.00233
2.00233
1.99554
1.97656
1.98586
2.0017
1.97279
1.97191
2.0061
1.99466
1.97945
2.0027
1.97945
1.9841
1.99278
1.99554
2.02344
1.97154
1.99441
1.9831
1.99278
2.04178
1.98109
2.01753
2.00823
1.98649
2.00886
1.97568
2.00622
1.99906
1.99667
2.00321
1.99592
1.99102
2.00283
2.01162
2.02595
1.99768
1.98712
1.98913
2.00911
1.99202
1.98913
2.02532
2.00999
2.01012
2.01942
2.0061
2.00823
1.99529
1.99617
1.97179
1.97556
1.98473
2.02469
2.00559
1.98498
1.99969
1.99328
2.00534
1.97041
1.99717
1.98825
2.00735
2.01489
1.98297
2.00333
2.00936
2.00848
1.98875
1.97883
2.00584
2.00848
2.00031
2.01451
2.01753
2.01678
2.00974
2.01125
1.99931
1.9983
2.01313
2.00873
2.00471
2.00119
2.01049
1.9978
1.97895
2.01137
2.00798
1.98888
1.99391
2.00157
2.00396
2.00371
2.03211
1.99604
1.98109
2.01514
1.98021
2.00006
1.99893
1.99768
2.01288
2.01376
1.99742
1.99705
2.01364
1.99164
2.00735
2.00408
2.0125
2.00119
2.00094
2.00886
1.99365
1.98813
2.01602
1.99742
1.98059
2.00924
2.01137
2.01539
2.01489
1.99152
2.00371
2.00848
1.99893
1.98813
1.98297
1.98147
2.00383
2.00421
1.98222
1.98976
2.00119
1.99567
1.99692
2.01137
2.00207
2.01904
2.00861
2.00145
2.00132
1.99466
1.98184
2.00233
2.03475
1.98775
1.98448
1.99227
1.99604
2.01364
1.99177
1.99881
1.99152
2.00044
1.98436
2.01539
2.00873
2.00069
1.9924
2.00358
1.99252
1.98599
2.01741
1.9777
1.9924
1.99089
2.01012
2.00383
1.98599
1.99994
2.00547
1.99956
1.98524
1.99516
2.00094
2.00107
2.02243
1.98976
1.98988
2.00408
2.02394
2.00647
2.00057
2.0017
1.99944
2.0027
2.02846
2.02871
2.01074
1.98825
2.01514
1.98209
1.98247
2.01803
2.00811
1.99768
1.99164
1.99893
1.97669
1.99479
1.97367
2.00886
1.98084
2.00672
1.99768
1.9885
1.98448
2.00182
1.99629
1.97279
2.02017
1.99441
2.01012
2.00647
1.9875
2.00698
2.01703
2.01376
2.00836
2.0213
1.99491
2.01125
1.98825
2.0115
1.98838
1.99001
2.00371
1.98033
2.02055
2.00873
1.99227
2.00471
1.99567
1.99667
1.9924
2.00019
1.99642
1.99969
2.00999
2.00635
1.98775
2.00484
1.98021
1.98134
1.98046
2.02633
1.99378
1.99215
2.00019
2.02683
1.98963
2.00936
1.99918
2.01841
2.00936
2.00572
1.98813
2.0115
1.99717
1.9929
2.01665
2.00421
1.99441
1.99278
2.00195
1.99114
2.01376
2.01577
2.00321
2.02155
2.02369
1.99026
1.9929
1.99918
2.03161
1.98599
1.98574
1.99592
2.01992
2.00672
2.00735
2.00848
2.0022
1.99994
1.98951
2.00484
1.99491
1.97619
2.01401
2.00434
1.98838
1.97958
2.01238
1.98461
1.98536
2.00547
2.00157
1.98285
2.012
2.01276
2.01451
2.00496
2.01414
2.00308
1.97581
2.012
1.98486
1.99642
1.9968
1.98247
1.99868
2.00459
2.00873
2.01778
2.01024
1.99893
2.01037
1.99918
1.99692
1.9885
2.0071
1.99629
2.035
2.01753
2.01401
1.98951
1.99102
2.00408
1.98561
2.02067
2.00421
1.9978
1.97795
1.99315
1.9968
2.01552
1.99705
2.01162
1.98121
1.99541
1.98725
1.99328
2.0027
1.97908
2.01451
2.02256
1.9968
2.01162
1.98247
1.98813
2.03123
2.02105
2.01942
2.02319
2.01866
2.00182
1.99403
2.00534
2.01527
2.00421
2.01565
2.01175
1.99252
1.9787
2.02419
2.00408
2.0066
1.99931
2.00836
1.99705
1.98348
2.00145
2.00371
2.00145
2.00685
1.99667
1.98033
2.03186
1.98787
2.01841
1.99793
2.02017
1.9978
2.01602
1.97556
2.00371
2.01301
1.99793
2.01326
2.00735
1.98561
2.02746
1.99114
2.00961
1.98938
1.99604
1.99353
2.00132
1.99579
1.95508
1.98147
2.0066
1.98938
1.99629
1.99541
2.01037
2.02532
2.00119
1.99554
1.99039
2.01615
2.01112
2.00031
2.01741
2.01376
1.95985
2.00961
1.97342
2.0076
1.99742
1.98699
2.00006
2.00547
2.01464
2.00044
1.99491
2.00371
2.00308
2.01904
1.98901
2.00119
2.02067
1.98712
2.02193
1.98762
1.988
2.00434
2.00798
2.0022
2.02067
1.99139
1.99303
2.01577
1.99742
1.99479
2.01602
1.9983
2.02545
1.98398
1.99491
2.03085
1.98486
2.00069
2.00773
2.00735
2.03148
2.01426
1.97191
2.02281
1.99416
1.97832
2.02042
1.99692
1.99617
2.02319
1.98976
1.98046
2.00484
1.9968
1.99202
1.99617
2.01627
2.00233
2.03135
1.98234
2.00635
1.9983
1.99805
1.99604
1.99805
1.96576
2.00773
2.00082
1.99177
2.00572
2.01137
1.98184
1.97669
2.00496
1.9978
2.00949
2.01565
2.01653
1.98649
2.00321
1.988
1.9885
2.01012
2.00974
1.99265
1.98775
1.97619
2.0027
2.00132
1.99705
1.97757
1.98511
2.01213
2.00132
2.00119
1.96576
1.98033
1.99504
1.98875
2.01263
2.00321
2.01514
2.00584
1.98322
2.00597
1.95533
1.98926
2.00195
1.98222
2.00597
1.98913
1.99378
2.01791
1.99127
2.00924
2.01263
1.99252
1.99931
2.0027
2.00132
1.99516
1.98436
1.988
1.99793
2.00459
2.01728
2.01313
1.99994
1.9787
1.97594
2.01137
1.99805
1.98624
1.97254
2.00685
1.99516
1.97669
1.98373
1.99692
1.99642
2.00572
1.9983
1.99152
2.0022
2.01766
1.98536
2.01703
1.99516
2.0071
1.99918
2.00773
2.01414
2.0066
1.97895
1.98511
2.0061
1.99755
2.0115
2.00245
1.97795
2.00987
1.99416
1.99227
2.00333
1.98838
2.01879
2.00006
1.9934
1.97443
1.99064
2.00258
1.99868
2.03198
1.99391
1.99956
1.99617
2.01012
2.00924
2.0066
1.99102
2.00371
2.00622
2.00333
2.01426
2.00094
1.99906
1.99252
1.99567
1.99906
2.00434
1.9919
1.99114
1.98813
1.99001
1.99529
1.98737
1.98524
2.01137
1.99868
1.99994
2.01024
1.99139
2.00522
2.01175
2.00936
1.98574
1.98436
1.99818
2.00785
2.00019
1.99717
1.99805
2.00861
1.99227
2.00823
1.96814
2.02771
1.99667
2.00836
1.99793
1.98247
2.0017
1.97971
1.98888
2.0017
2.00006
1.99604
1.99944
1.99139
2.00044
2.02356
2.00559
2.01263
1.99378
2.0076
1.9875
1.99139
2.00258
1.98674
2.00044
1.99227
1.98549
1.99365
2.01112
2.01439
2.01162
1.98938
1.99742
1.99177
1.99076
1.98021
2.00069
1.988
2.00258
2.02645
1.99265
2.00836
2.00509
2.00471
1.9826
1.99868
1.97493
1.98385
1.99667
2.0017
2.02394
2.00936
1.98674
2.00811
2.02193
2.01451
2.00798
2.00622
1.99403
1.99516
2.02017
1.9841
2.00082
1.98536
1.99516
2.00886
1.98197
1.99617
2.00119
2.01376
2.00006
2.00672
2.02118
2.00584
1.99076
1.99278
1.99278
2.00685
1.9885
1.99152
1.97782
2.01137
2.01841
1.97795
2.00333
1.9919
2.0125
1.97958
1.99768
1.99692
1.99076
1.99089
1.99328
1.96463
2.01439
2.00572
1.99102
2.02532
2.02118
1.97744
1.99956
2.00107
1.97757
1.99416
1.98084
2.01703
1.99403
2.00572
1.98737
1.99428
2.00006
1.99315
1.99717
1.99956
1.99717
2.01728
2.00408
1.97744
2.00396
2.00622
2.02532
2.00283
2.00635
1.99403
2.01414
1.99504
1.9934
1.99931
1.98599
1.99441
2.0061
1.99152
2.00333
2.00509
1.9836
1.99039
1.99893
2.00899
1.98825
1.97292
1.98963
2.01074
1.98574
2.011
1.9885
1.98813
2.01791
1.99102
1.99856
2.00094
1.99504
1.98008
2.00974
1.99177
2.00836
2.01866
1.98712
1.98699
1.98649
2.00321
2.00961
1.98147
1.99931
1.99856
1.99039
2.00911
1.99353
1.99516
1.99039
2.01916
1.98762
2.01037
2.00522
2.00157
1.99164
1.99994
2.00069
1.98021
2.00094
1.97908
2.00346
2.00936
2.01489
1.9973
1.98938
2.01012
1.99768
1.99918
2.00132
1.99567
1.98875
2.01074
1.98147
1.99164
2.00484
2.00534
1.98536
1.99378
1.9841
2.03022
2.00145
2.00182
1.98637
1.98561
2.0169
2.00597
1.9826
2.00773
1.99705
2.01502
2.00748
2.00559
2.01326
2.01552
1.99504
1.99064
2.00182
2.01715
2.00182
1.98624
1.99567
2.01225
2.0203
2.0071
1.99303
1.98825
2.00974
1.99856
1.98787
1.9978
2.00157
1.98875
1.96865
1.99843
2.00031
2.02143
2.01389
1.99654
2.00195
2.02205
1.99001
2.01514
1.99102
1.99177
1.98322
1.99969
1.99856
2.01225
1.99365
2.01351
1.96048
1.99793
1.99567
1.99365
1.9831
1.98838
2.00145
1.99529
2.00622
2.01627
1.99428
2.01087
1.98976
1.99491
2.00961
2.0061
1.99403
1.99391
1.9934
2.01929
2.03538
2.02331
1.99768
1.99479
1.99428
2.00421
2.02394
2.0213
1.99014
1.99504
1.97895
1.98611
1.9968
2.00006
2.01477
2.02419
1.9924
2.00547
2.00308
2.01791
2.0125
2.00534
1.98222
2.01451
2.02972
2.02796
1.97154
2.00672
2.02469
2.00685
1.98951
2.02444
1.99416
2.00685
1.99504
1.99956
2.0115
2.00811
2.00471
2.00785
1.99014
2.00019
1.98549
2.00245
1.99881
1.97217
2.00559
1.99893
2.02394
1.99102
2.00823
1.9983
1.99692
2.00145
1.98649
2.00785
2.0076
2.00069
2.00283
2.00233
1.98511
1.98297
1.97631
2.01715
2.01426
1.99391
1.98285
1.98787
1.99365
2.00559
2.03349
2.00283
1.98486
2.00672
1.96928
2.0022
2.02696
1.988
1.99592
2.01414
1.98775
1.97317
2.0208
2.01087
2.03362
1.9689
1.98373
2.01615
2.00773
2.00735
2.00383
1.99177
1.99177
1.98285
2.00723
2.00019
1.98838
1.99504
2.01766
2.00811
2.00798
2.01238
1.98951
1.98297
2.00308
2.01389
2.01213
2.00182
1.99164
2.00559
2.00773
1.98825
2.00509
1.98109
2.01942
1.99944
2.00346
1.97669
2.01627
1.98787
2.02545
1.99416
1.98436
1.99818
1.99076
1.99856
1.98762
1.99654
1.99768
2.00672
1.97631
2.01125
2.00622
2.01162
1.9885
1.98059
2.01891
1.99567
1.98787
1.98687
1.99441
2.01439
1.9841
2.01816
1.99843
2.01816
1.98838
2.00057
2.01967
2.0164
1.99868
2.01364
1.98511
2.00333
1.99629
1.97493
2.00459
2.00082
1.99051
1.99102
1.98448
2.00584
2.00597
1.988
2.02457
2.00031
2.02256
1.99353
1.98838
2.01879
1.99391
2.00094
2.01376
2.00283
1.98649
2.02155
1.99994
2.00233
1.99177
1.98247
1.9934
2.01301
1.99579
1.99956
1.99076
1.98574
2.01527
2.00698
2.00019
2.0017
1.95897
1.96953
2.02118
2.01376
2.00748
2.00145
2.00031
1.99742
1.97644
1.9978
2.00132
2.00333
1.98938
1.98222
2.01351
2.00082
1.99931
2.00308
1.99592
1.99177
1.98147
2.00723
1.98524
1.99466
1.98147
1.98863
2.01552
1.99931
1.98536
1.99906
1.98461
2.00936
1.99139
1.99893
1.98725
1.99592
1.99617
1.99617
2.0066
2.0076
2.00258
1.97594
1.99856
1.99981
1.98498
2.00333
2.00522
1.98084
2.00233
1.99127
2.00522
1.99215
2.00006
1.99969
1.99139
1.99479
1.99102
1.99856
1.98008
1.99793
1.98084
1.99768
2.01854
2.00333
2.00333
2.00396
2.00509
2.00396
2.00321
2.00408
2.01414
2.02231
2.00459
2.00999
1.99768
1.9924
1.97191
1.99202
2.00408
2.00848
2.01477
2.00936
2.01401
1.99039
1.9978
1.99931
1.99001
1.99428
1.98976
1.99202
1.98926
1.98197
2.0125
1.98172
1.99529
2.00647
2.00509
1.99127
1.98184
1.99642
1.98184
2.00848
2.00572
2.02017
1.9919
1.98825
2.01703
1.99956
2.0203
2.00987
1.99969
1.98209
2.00195
2.01364
2.02809
2.00082
1.98637
1.98976
1.99868
1.99956
1.99265
2.02494
2.01188
2.00836
1.97945
2.00949
2.00534
1.98461
2.00031
1.98172
1.98147
2.01828
2.01916
1.98436
1.99994
2.00119
2.00434
1.98813
1.99592
2.01565
2.01125
2.00195
1.98385
1.99667
2.00999
1.9733
1.97895
2.00119
1.99252
2.01024
2.00811
2.00559
2.00836
1.99391
1.99177
1.9973
1.97267
1.99805
1.98901
1.99516
2.00258
1.98913
1.97707
2.01012
1.98586
2.00685
2.00459
1.99893
1.9934
2.00597
1.98926
1.99102
2.02105
1.99416
1.99265
1.99843
1.98059
1.99328
1.98297
1.99642
1.99768
2.01389
1.98637
2.00547
1.99906
2.00333
1.9929
2.01527
1.99654
1.99617
2.02758
1.9983
2.00245
1.98473
2.00207
1.97656
2.00258
2.00308
1.99453
2.00182
1.98901
1.98674
2.0017
2.00911
1.98712
1.99039
2.00371
1.99139
1.99856
2.02155
1.97468
1.99428
2.012
2.00434
1.98913
2.01024
1.99931
1.99755
2.00195
1.99881
2.01791
2.00698
2.00785
1.99428
2.00848
1.99202
2.01841
2.00748
1.99051
1.99403
2.00082
1.96789
2.00107
1.9875
1.98524
2.00534
1.99994
2.00723
2.01552
1.99742
2.00283
2.00321
1.98901
2.01527
1.98121
1.99516
2.01376
1.97217
2.0066
1.9924
2.02004
1.99944
1.99039
2.01175
2.02545
2.00069
2.00019
1.97418
1.9782
1.99278
2.00044
2.00371
1.99541
2.00672
2.01464
2.00421
1.98322
2.00873
1.99391
1.98787
2.01364
2.00559
1.99001
2.03437
2.00321
2.00333
2.00321
1.98084
2.00622
1.99881
2.01213
1.99742
2.02469
2.0022
2.00584
2.02344
2.00911
2.0208
1.98649
1.99278
1.99403
2.00785
2.02645
2.01539
2.00321
2.02331
2.02092
1.98398
2.01389
2.00145
2.00082
2.02356
2.01602
1.98725
1.99491
1.9978
2.00949
2.01577
2.00132
1.98436
2.00622
1.99994
1.97744
2.01112
2.0208
2.00999
2.02771
1.97807
2.01715
1.98549
2.00886
1.99453
1.99567
2.00321
1.9919
1.98297
1.99667
2.01653
2.01967
1.98976
1.99592
1.98662
2.01816
2.01024
2.00258
2.0125
2.02319
1.99717
1.98109
2.00873
2.00597
1.98423
1.9694
1.99202
2.01439
2.00672
2.01389
1.99944
1.97581
2.00346
2.0066
2.01866
1.99554
1.9978
1.9934
2.00346
2.00434
1.98134
2.00597
2.01087
2.00635
1.98838
2.01891
2.0027
1.99529
2.01225
1.97581
1.98172
2.01967
1.99617
1.99215
2.01024
1.97129
2.00031
2.00157
1.99265
1.99026
1.98574
2.00132
1.9983
2.03362
1.98875
1.99039
1.98988
1.97531
2.00321
1.99931
1.99868
1.99856
1.97845
2.0017
1.98787
1.9929
2.04028
2.02042
2.00207
1.99617
2.02306
2.00295
2.00572
2.012
1.99642
1.99541
1.99303
1.98096
1.99365
1.96563
2.02092
2.01816
2.00836
2.00987
2.00848
1.99541
1.9743
1.97405
1.97732
1.99592
2.01464
1.97531
1.9968
1.98712
1.99692
1.99944
1.99303
1.98913
2.01464
1.99152
1.99403
2.01678
1.99755
2.02457
1.98423
1.98913
2.01188
2.00119
2.01288
2.02092
2.00346
2.00936
1.99931
1.988
2.00471
1.98272
2.02708
2.02394
2.02118
1.99441
1.98637
1.9919
1.98021
1.98234
1.99893
2.00094
1.97832
2.02419
2.00044
2.00245
2.00044
2.01715
2.00408
1.98561
1.99592
1.99629
1.97895
1.9968
2.01464
2.03688
2.00157
1.98637
1.97656
1.99843
1.98549
1.97883
2.01539
2.01891
2.02708
2.00949
2.00044
1.99642
1.99164
2.01942
1.9841
1.99164
2.01967
1.98662
2.00371
1.98586
1.99127
1.98813
2.00496
2.00559
1.99453
1.97694
1.9738
2.01301
2.01276
1.99642
1.98335
2.01665
2.01288
1.98712
2.0071
1.9885
2.00635
1.99554
1.99177
2.00496
2.00396
1.97594
1.99554
1.96412
1.98574
2.00597
2.02545
1.99742
2.00534
2.00258
1.9983
2.01778
2.00421
2.01489
2.01728
1.98172
2.00924
2.011
2.00057
2.00987
1.98159
2.01451
2.02042
1.9968
2.00773
2.01049
2.00848
1.97116
2.00308
2.00911
1.99994
1.99102
1.98172
2.02293
1.98888
2.00999
1.99215
1.98725
1.96789
2.0125
1.99114
2.00145
2.01213
1.99403
2.02155
1.99039
1.98524
2.00421
2.00408
1.98674
1.98373
1.97883
1.99152
2.00949
2.00597
1.99227
2.03563
2.00396
2.00785
2.02004
2.02721
2.01301
1.9983
2.00635
2.00509
2.02871
2.00723
1.9831
1.99026
1.99441
1.99378
2.01112
1.97267
2.00044
1.96035
2.01778
1.99504
2.00861
2.02947
2.01753
2.02092
2.01087
1.98536
2.0218
2.00019
1.97066
1.99114
1.98699
2.02306
2.00672
2.00974
1.99541
2.00057
2.01137
2.00961
2.00308
2.00132
1.99265
2.0218
1.99793
1.99805
2.00974
2.00069
2.02243
2.02067
2.01766
1.96488
1.98172
2.00069
1.99567
1.98762
2.00358
2.01137
2.01137
1.99001
1.99001
2.00195
1.99843
2.00057
2.00723
1.99818
1.97531
1.9929
2.01527
2.00685
2.00785
1.99981
2.0071
1.99642
1.98863
2.00509
2.02218
2.0115
2.00346
1.99215
1.99353
2.00195
1.99554
2.00182
1.98511
1.98813
1.98976
2.00082
2.01414
2.01904
1.99642
2.01074
2.00069
1.98699
2.00358
2.00685
2.01263
2.00207
1.97129
1.99918
1.98436
1.98549
2.01238
2.00635
1.98498
2.00534
2.01049
1.99617
2.00459
1.98888
1.98498
1.99705
2.0022
1.98762
2.02482
1.98272
2.00371
1.9968
1.98385
2.00006
1.98121
1.98486
2.00283
2.01213
1.99391
2.0076
1.99466
1.99127
2.00899
1.97166
2.02909
2.00471
1.98988
2.01376
1.99039
2.00333
2.0164
1.99642
1.98071
2.00358
2.00496
1.98712
2.00685
2.00635
1.99252
1.99554
1.98549
2.01175
1.96739
1.99491
1.97556
2.0066
2.00145
2.00534
2.00961
2.0071
1.9924
2.00283
2.00258
1.99353
2.01338
2.00635
1.98473
2.03223
2.02821
2.00723
1.9968
1.99981
2.00911
2.0262
2.00572
1.99667
1.98988
2.01276
1.99315
2.01338
1.99504
1.99742
2.00346
2.00987
2.00899
1.97832
2.03374
1.988
1.99051
2.00195
1.99567
1.99441
1.97807
1.99541
1.99717
2.02231
2.00911
2.012
1.98913
1.98825
2.00999
1.97895
2.00195
2.00245
1.98963
1.98674
2.00195
1.99328
2.00421
1.98624
1.99994
2.0311
1.99893
2.00132
2.00547
1.98976
1.99918
1.97229
2.00371
2.00773
1.99856
2.00785
1.99818
2.00031
2.00321
1.99227
1.98963
2.0169
2.00434
1.99818
2.01828
1.98285
2.01074
2.0169
2.00798
1.99202
2.00446
1.99529
2.00735
1.98046
2.02432
2.00057
1.99227
2.00836
2.00999
2.0125
2.00295
1.99755
2.02934
2.01766
2.01627
1.98913
2.04015
2.00622
1.96978
1.99164
1.98687
2.00195
1.98963
1.99981
1.99114
2.00471
2.02444
1.99076
1.99567
1.98335
1.97958
1.99026
1.99642
1.98951
2.01527
2.01703
2.00597
1.99629
1.99617
1.97631
1.99755
2.00622
1.98787
2.00408
1.99579
1.9924
2.02281
2.00823
1.98951
2.00723
2.00484
2.00647
2.02419
1.98662
2.00647
2.02293
1.99742
1.99692
1.98536
2.00534
1.99604
1.98461
1.97166
1.99001
2.01502
2.00094
1.98511
1.97682
2.00899
2.00295
2.01803
2.00157
1.99956
1.99365
2.01376
2.0076
2.01049
1.99252
1.99931
2.01979
2.01741
2.01037
1.98813
2.02017
2.00496
2.00961
1.98737
1.98988
1.99152
2.02444
1.99742
1.9968
2.02457
2.00471
2.00647
1.99705
1.97707
2.00333
1.99805
2.00371
2.00446
2.00873
2.00559
2.00924
2.00459
1.99278
1.99177
1.97217
1.99491
1.9919
1.98775
2.0027
1.97707
2.00748
2.02557
1.9777
1.97443
1.99604
2.00321
1.98536
2.02394
2.00044
2.00308
1.96777
1.99378
1.99617
1.99039
1.99051
2.00321
2.01778
1.988
1.98536
1.99391
1.99014
2.01426
1.98813
2.00936
2.03676
2.02004
2.00346
2.00321
2.0061
1.98825
2.0022
1.99466
1.97933
1.9978
2.01916
2.00635
1.99202
1.99328
1.99315
1.97556
2.00773
1.98838
1.9924
2.00936
2.00459
1.98159
2.00961
1.98159
2.02696
2.00974
2.00848
1.99793
2.0125
2.00987
1.96953
2.02105
1.98335
1.99768
2.0164
2.01087
2.0066
2.01062
2.00321
2.00773
1.98524
2.00559
1.98071
1.99654
2.01426
1.97845
2.03575
2.01841
2.02042
1.98461
2.00107
2.012
1.99742
1.96802
1.99843
1.99705
2.01904
1.99479
1.99667
1.9841
1.99554
2.00823
2.01477
2.00534
1.98624
2.00911
2.00295
1.98109
2.00522
2.00873
2.00899
1.99001
1.99893
1.97279
2.00031
1.99403
2.00006
1.9978
2.00949
2.00547
2.00195
1.98461
2.02545
1.98624
1.99164
1.99541
2.01326
2.00358
1.97971
2.00333
1.99579
2.00082
2.00848
1.9792
2.01112
1.99353
1.98385
1.98021
1.98197
2.0027
2.00974
2.0017
2.01703
1.98561
1.99893
1.99654
1.98699
2.00547
1.98737
1.99956
2.01162
2.01464
1.98297
1.99152
2.00773
1.97694
2.0125
2.0066
2.01263
2.0203
1.9934
2.0076
1.99604
1.98699
2.00145
1.99491
1.99918
1.99579
2.03123
1.98825
2.00886
1.97418
1.99906
1.99529
2.01527
2.01037
2.00484
2.00974
2.0076
1.9934
1.98385
2.01062
2.01049
2.00861
1.98473
1.99956
2.00233
1.99504
1.97971
2.01062
1.99705
1.98348
1.99604
2.01225
1.98624
1.99051
2.0027
2.01577
2.01049
1.98536
1.99617
1.99918
1.97971
1.99893
1.98222
1.99579
1.9836
2.01213
1.98687
2.0022
2.02608
1.99981
1.99202
2.00572
2.00082
2.01389
1.99856
2.00396
1.9875
1.99755
2.01074
1.99856
1.99604
1.99491
2.01904
1.98725
1.99441
1.98234
1.99994
1.99893
2.00823
1.98084
2.00446
1.9934
2.01087
2.00094
2.00157
2.00899
1.99328
1.98926
1.9934
2.00408
2.01213
2.00949
2.00685
2.00295
2.02268
2.00911
2.01489
1.99391
1.99705
1.9929
1.98147
1.99328
2.00823
1.98888
1.99742
2.01539
2.01653
1.99365
2.01539
2.00346
1.97556
2.0311
1.99353
2.00861
1.99102
2.01351
2.01313
2.00672
1.99139
1.99014
2.00371
2.02909
2.00207
1.99278
1.99956
1.99994
2.01627
2.00233
1.99328
2.00496
1.98624
2.00157
2.00534
2.01238
1.99089
2.01565
2.01175
2.0164
1.99906
2.00924
2.00773
1.99265
1.99114
2.00899
2.00635
2.01879
1.98197
1.99956
2.00911
1.96362
2.02494
2.00132
1.9929
2.00396
1.98926
2.01401
1.99529
2.01715
1.98549
1.9885
1.99504
1.97807
2.00358
2.00119
1.97971
1.98662
1.9929
1.99378
1.99328
1.97782
2.00873
1.99227
1.99378
2.01401
2.00082
2.00484
2.01364
1.99365
1.98285
1.99466
2.00132
1.98222
1.98888
1.99768
1.9983
2.02231
2.02331
2.00911
2.00094
2.02055
2.00924
1.99944
2.01828
1.99654
1.99039
1.9983
2.00572
1.9826
2.00572
1.99215
2.00207
1.99504
1.99177
2.00735
2.01376
2.01954
1.99315
1.98385
2.00459
2.00873
1.99064
1.99479
1.99152
1.99793
2.00383
2.00358
1.98901
1.98637
1.99051
1.9836
1.99076
2.01615
1.97694
2.011
1.97003
2.00622
2.00924
1.97669
2.02545
1.99416
2.01162
1.99931
1.99441
2.00258
2.00421
2.03135
1.99365
1.98586
2.01012
2.00672
1.99969
2.00283
2.00446
1.99642
2.0027
1.99453
2.02231
2.00396
2.00974
1.98348
1.98737
1.9885
1.9934
1.99328
1.98926
2.00647
1.96186
2.00145
2.00119
2.0017
2.00773
1.99881
1.99453
2.00509
2.01778
2.03148
2.01012
2.00886
1.98272
1.98398
1.99856
1.98787
1.99629
2.00773
1.99629
2.01577
2.01854
1.99755
1.98687
2.01778
1.99793
1.99416
2.00094
2.02055
1.97832
2.00949
1.98863
1.99793
1.99881
1.98913
2.01288
2.01552
2.011
1.98385
1.9968
1.99567
1.99039
1.99479
1.99768
2.02595
1.99479
1.99303
1.99768
2.01364
1.98674
2.00044
2.00496
1.99818
2.00258
1.99768
2.01954
2.00798
1.97154
2.01741
1.9929
1.98624
1.9929
1.99654
1.99868
1.97204
1.99893
1.98448
1.99629
1.9978
1.97971
2.00509
2.00471
2.00496
1.99768
2.00685
2.01778
1.98322
1.99177
1.97945
2.00924
2.00094
2.01539
1.9919
1.99403
1.98209
2.00346
1.98926
2.02218
1.99717
2.00685
1.99579
2.00848
1.99026
1.98762
2.00773
1.9919
1.988
2.0169
2.00785
1.98373
2.00861
1.98913
2.02004
1.97958
2.02218
1.99466
2.01539
1.98222
2.01489
2.00987
2.00873
1.99215
2.00597
2.00421
2.00283
1.98498
1.97154
1.97858
2.00082
2.00333
1.9983
1.99705
1.98649
1.99164
1.98762
1.99353
1.98524
1.99931
1.98448
2.00346
2.00132
1.99529
2.00157
1.99805
2.01816
2.00057
1.99768
2.00195
2.01678
1.99127
1.98737
1.98963
1.99114
1.99755
2.00371
2.02067
1.97757
1.99039
1.99541
1.99252
2.02494
1.99793
2.01062
2.00044
2.00748
2.01389
2.0267
1.98197
1.99692
1.9929
2.00245
2.01364
1.97405
2.01979
2.00082
2.00132
2.00509
2.00195
1.99504
2.01904
1.99529
1.98498
2.01074
2.01351
2.02105
2.01728
1.98674
1.99089
1.97656
2.01125
2.01062
2.01049
2.0125
2.00823
1.98951
2.01162
1.99114
1.97682
1.97317
2.00383
2.00999
2.00811
1.99755
2.00283
1.97832
1.97581
1.99139
1.99466
1.98524
1.99265
1.99755
2.02331
1.99252
2.01954
1.97933
2.00107
2.01753
1.9973
1.99416
1.9733
2.01615
1.98662
1.99051
2.00057
2.00785
2.02985
1.99089
1.9978
2.01112
2.01401
2.00383
2.01552
2.00019
1.99654
2.00785
1.9875
2.00622
2.00408
2.01879
2.0022
2.00471
1.97204
2.02432
1.99843
2.02331
1.98536
1.99026
2.00308
1.99768
2.00145
2.01238
2.0208
2.00848
1.98461
1.99365
2.00999
1.97983
2.00346
1.98838
1.99202
1.98762
1.99768
1.99428
2.00848
1.99014
1.99215
1.9978
2.01615
2.00321
1.98322
2.01351
2.00522
1.99303
1.99328
1.99089
1.99554
2.01125
1.99391
2.01791
1.99893
1.96488
1.97996
2.01854
2.00635
1.98322
1.99039
2.02758
1.99164
2.00534
1.98674
2.0262
2.02143
2.01125
2.01426
1.99529
2.012
2.00057
2.01112
2.02746
1.97355
1.98762
1.9919
1.98901
1.98938
1.97945
2.00848
2.00484
2.00308
1.99768
1.99755
1.99692
1.99881
1.99328
1.97883
2.00358
1.99391
2.00107
1.99278
2.01565
1.99026
2.00886
1.98373
2.00434
2.00082
1.99554
1.99768
2.01313
1.98988
2.00119
2.00383
2.00207
2.02067
1.9978
1.99202
1.98725
1.99541
2.01489
2.01238
2.00798
2.00522
1.99592
1.98385
2.00396
2.01753
2.00283
1.99617
1.99139
2.0076
2.01162
2.01012
1.99491
2.02557
1.98863
1.98624
1.98234
1.98901
1.98297
1.99805
2.00936
2.00295
1.99416
1.99014
1.97317
1.99353
1.96525
1.99265
1.9968
1.99931
2.01087
1.99969
2.00295
1.98762
1.99051
1.99227
2.00308
2.02143
1.99956
1.99051
2.02092
2.02218
1.96902
1.98473
1.99755
1.99742
2.01979
2.0061
2.00233
2.01715
2.03286
2.00044
1.99215
1.98687
1.9792
2.0213
1.97858
1.99642
2.00572
2.02293
1.99164
1.99705
1.98599
2.01162
2.01024
1.96852
1.99805
2.01188
1.99064
1.98272
2.01037
1.98762
1.99768
2.00785
2.02042
1.99856
2.0306
1.99667
1.98875
1.99843
2.01891
1.99416
1.98197
2.00748
2.01439
1.9978
1.99918
2.00974
1.98574
1.97217
2.00031
1.99416
1.99303
2.00773
1.98348
2.00572
1.98674
1.98348
1.99089
2.01565
1.98913
1.99365
1.99742
1.99705
2.00748
2.01162
2.01238
1.99868
1.97996
2.00408
2.0257
1.99755
1.98712
2.0076
1.98938
2.0164
1.99177
2.02708
2.02532
2.00459
2.00421
2.02834
2.00798
2.0022
2.00735
1.99278
2.0061
1.97568
2.01137
1.98524
1.98473
1.99617
1.9635
2.01376
1.99667
2.00132
1.97656
2.00031
1.99969
1.99391
2.00069
2.02231
2.0061
1.99818
2.03952
2.00936
2.00547
2.00534
1.98574
2.01137
1.99868
2.0071
1.98536
1.99818
2.0169
2.02268
1.99303
2.0076
2.00321
2.00408
2.00258
1.96538
1.98737
1.99554
1.99617
1.98448
1.99391
1.98373
1.9934
2.02708
2.00459
1.9968
2.01024
1.98549
1.98712
1.99164
1.9826
2.00459
1.99717
2.00295
1.9875
1.99604
1.9978
2.00094
2.00044
2.01213
1.99416
2.01665
1.99453
2.00685
2.00371
1.99177
1.99428
2.01791
2.00371
2.02092
2.00509
1.99164
2.01514
1.99215
1.99604
1.99529
1.99956
1.99969
2.00333
1.99541
2.00471
2.00069
2.01024
2.02193
1.96538
2.00886
1.98184
1.99504
2.02758
1.99994
1.99001
1.99881
2.00295
2.02922
2.00509
1.97191
1.99001
1.98775
2.00245
1.98624
2.01778
2.01514
2.0076
2.00622
2.01062
2.02985
2.00496
2.00936
1.98461
2.02884
2.00785
2.00333
1.99567
1.97782
2.02293
1.97455
1.98938
2.00145
2.01225
1.97656
2.01577
1.9929
2.00358
2.01502
2.00283
1.99705
2.00961
1.98423
2.0022
2.00044
2.01766
2.00823
1.99541
1.99127
2.02067
1.97958
1.96739
2.00509
2.00961
1.98033
2.00559
2.012
2.00647
1.98209
1.98586
1.99428
1.98272
1.99315
1.9934
1.99252
1.98511
1.9826
1.98951
1.99931
2.02947
2.02557
2.01451
2.01778
2.00459
1.98737
1.99504
1.98385
2.0164
2.00031
1.98511
2.01426
1.99064
1.99102
2.00006
2.00006
2.00233
2.00421
1.98875
2.02168
1.97933
1.99391
1.98033
2.0301
1.99592
1.99969
2.0071
2.0027
1.96626
2.00132
2.00559
1.98222
2.00735
1.98737
1.99428
1.97405
2.00421
2.02067
2.00484
2.04656
2.01866
1.99717
2.012
1.99956
1.99742
2.03223
1.98838
1.99403
1.99164
1.98423
1.98398
2.00031
1.99215
2.00094
1.9924
2.01376
2.00358
1.99654
2.01904
2.00785
2.01514
1.99881
1.9973
1.99504
2.01162
2.00873
2.01213
1.99818
2.00434
1.99692
2.00949
1.98436
2.0027
2.01439
1.99378
1.99391
2.02155
1.97883
2.01414
1.98599
1.99617
1.97945
1.9792
1.99592
2.01364
2.01891
2.01728
2.00572
1.9978
2.011
1.97468
1.9929
2.00936
2.01791
1.98536
1.99466
1.99152
2.00987
1.99152
2.01062
2.04643
2.00383
1.9924
1.98662
2.00396
1.98109
2.01401
2.01979
2.0027
2.00132
1.97682
2.00006
2.00006
1.99278
2.01464
1.99604
1.97531
2.00383
2.02746
1.98888
2.00735
1.9831
2.0017
1.99805
2.02243
1.99227
1.99604
2.01414
1.9782
1.98536
1.99906
2.0066
1.99114
1.9973
2.00597
1.99717
2.0022
2.0017
2.00647
1.99906
1.98888
1.99102
1.98222
2.0311
2.00434
2.00044
2.00145
1.99579
1.98624
2.00811
2.00723
1.96802
1.99642
1.97581
1.99353
1.9934
1.98297
1.99944
1.97858
2.01301
1.99315
1.99516
2.0164
2.01024
2.00559
2.01816
2.01967
1.99177
2.00321
2.0169
1.96412
2.01062
2.00484
1.99227
1.98511
1.99805
2.00597
1.99328
2.00044
2.02055
1.98209
2.01916
2.00635
2.02821
2.02507
2.01967
1.97443
2.00924
1.99504
2.02884
2.01225
1.99654
1.98888
2.02004
2.01828
2.02871
2.00861
2.01552
2.00522
1.99642
2.00346
2.01464
1.99969
2.01087
1.98888
2.00069
1.98373
1.96965
1.99592
2.01288
1.99102
2.01062
2.0115
1.98385
2.01414
1.98637
1.9699
2.00484
1.97682
2.00572
1.97292
1.99529
2.01087
1.99944
1.99428
2.01766
2.00019
2.00522
1.99881
1.99127
2.01313
1.9968
2.01276
2.00949
1.99579
2.01653
1.99051
1.98926
1.99579
2.01162
2.00321
2.01954
1.98762
1.99994
1.99868
1.98046
1.99516
2.01351
2.0076
2.00471
1.99328
2.00672
2.01828
2.01615
2.02784
1.99164
1.97694
2.01087
1.97983
2.01816
1.99491
2.00773
1.98863
2.01137
2.01175
1.98787
2.00622
1.98825
2.01615
2.01803
1.9973
2.01678
1.98875
1.9841
1.99617
2.0218
2.00434
1.99918
2.01879
1.98059
2.00748
1.99931
1.99818
1.99089
2.00245
2.02004
1.99315
1.99076
1.98951
2.00961
1.99026
1.96312
1.99717
1.99604
1.97719
2.00899
2.00496
1.98901
1.99667
1.99441
2.0022
2.00798
2.01904
1.99843
2.00723
2.01326
1.98586
2.01338
1.98247
1.98913
2.00886
1.99642
2.01225
2.00333
1.99202
1.98461
1.97506
2.00132
2.01263
1.97267
1.97669
2.01112
1.98486
1.99089
2.00949
2.00622
2.02331
1.98712
1.98787
2.01791
2.01364
1.97418
1.99491
1.97418
2.00522
2.01012
2.01879
2.01539
1.99906
1.97644
2.00685
2.00119
1.99441
1.9968
2.01653
1.98473
2.00408
1.99227
1.99466
2.00685
2.01326
2.00132
1.99956
1.99755
2.01527
1.9841
2.00069
2.00371
1.99403
1.98561
1.99479
1.98888
1.98197
1.99365
2.00308
2.00308
2.02218
1.99554
1.98373
2.00019
2.00798
1.98888
2.01364
1.99504
1.99629
1.99554
1.99014
1.96764
1.9929
1.9973
1.98486
2.00798
2.00044
1.9919
1.99441
1.96626
1.98787
1.99303
2.01213
1.9875
1.99931
2.00572
2.0169
1.9782
2.01012
1.96915
2.00534
1.9885
2.0076
2.00044
2.01162
1.9929
1.9983
1.99491
1.98297
2.00119
1.99378
1.99717
2.00572
2.01012
1.99026
1.99051
2.0115
1.99466
2.01741
2.01087
1.99918
2.00534
1.99064
1.99805
2.00836
1.99931
1.99629
2.01715
2.00057
1.99918
2.01854
1.97682
2.01715
1.98134
2.02821
2.00572
1.99981
2.011
1.98737
1.99856
2.00823
1.98134
1.9924
2.01929
2.01778
1.99931
1.99994
2.03877
2.00358
2.02407
2.0022
2.00346
1.99918
2.01916
1.98813
1.99642
1.99742
1.97669
1.99441
1.99994
1.98699
1.99278
2.01929
2.00195
1.98775
1.98498
1.98071
1.99051
2.02708
2.00597
2.0022
2.00308
2.01514
1.98046
1.99931
2.00961
1.99918
1.98461
2.00698
1.99403
2.01703
2.01967
2.00597
2.03098
2.01087
2.00509
1.97619
2.01087
1.99592
1.99692
2.00471
1.99906
1.97518
2.00308
2.01288
1.99592
2.01477
1.99818
2.00446
1.99114
2.0017
2.00346
1.99893
1.98687
2.01527
2.00547
1.98498
1.99378
2.0203
2.0066
1.98008
2.0022
1.99956
2.01313
2.00911
2.00333
1.9934
1.9919
1.98109
1.99805
1.9885
1.99805
1.98574
2.01024
1.97795
1.98574
2.00999
2.00484
2.01049
1.98712
2.00446
1.99328
2.00195
1.99114
2.00069
2.00233
2.00459
2.01577
2.00069
1.99629
2.02532
1.98574
2.01112
1.99994
2.00823
1.99667
1.98423
1.99479
2.01125
1.97493
1.99428
1.99227
1.99856
2.01401
2.00295
1.99378
2.00207
2.0061
2.01665
1.99579
2.00408
2.00823
2.01225
1.99328
1.99567
1.98511
1.97996
1.99768
2.01037
1.99252
2.01112
2.00848
2.02231
1.99856
2.00006
2.00798
1.97481
1.98574
1.99453
1.97405
2.0017
2.01012
1.99039
1.98486
2.00233
1.99353
1.99956
2.00258
2.01087
2.011
1.99554
2.00911
1.99755
1.98637
1.99604
1.97631
2.00283
2.01049
1.99818
1.98511
2.01112
2.00333
2.00823
2.01615
2.00848
2.0169
2.01627
2.02633
1.9973
1.99541
2.01992
1.99102
2.0066
2.01024
1.98699
1.98222
1.98109
2.00584
1.98649
2.00484
2.00082
1.99127
1.99416
2.00911
1.99202
2.00446
2.01175
2.02369
2.01012
1.99378
1.97883
2.0061
1.99969
1.98901
2.0203
2.00886
1.9973
1.99026
1.98247
1.99403
1.99378
2.00346
1.96827
2.0027
2.00006
1.99114
1.99592
1.99604
1.98938
2.0061
1.99127
2.00911
2.01766
1.95809
1.9934
1.99805
2.02218
2.0022
2.01112
2.01816
2.01728
2.00522
1.97393
2.00509
1.98234
1.9792
2.01074
1.99177
2.01364
2.00496
1.98549
1.99064
2.00006
1.988
2.0125
2.02118
1.97682
1.99742
2.01087
1.99076
1.99705
1.9983
1.98649
1.98901
2.00069
2.00484
1.98423
1.99164
2.00936
1.98712
2.02004
2.02645
1.99818
1.9875
2.00924
1.9924
2.01213
1.98687
2.01879
1.97996
2.00773
2.00383
1.99893
2.00547
1.98335
1.99164
2.00396
1.99152
2.00408
1.98134
2.01288
2.0061
2.00396
2.00949
1.99705
1.99491
2.00057
1.97971
2.00471
1.98813
1.98511
2.0061
1.98586
1.99944
2.01012
2.01615
2.02482
2.01401
1.98272
2.02645
1.99818
1.98712
2.00924
2.00534
2.01703
2.00823
1.98888
1.98913
2.01049
2.02218
2.01778
1.9924
2.00735
1.98687
2.00836
2.00723
1.99353
1.99516
1.99328
1.9968
2.00145
2.00006
1.98147
1.98549
2.01439
1.99039
2.00295
2.00685
2.00132
1.99881
1.99705
2.00635
2.00019
1.99164
2.00283
1.99969
1.99705
1.99529
1.98184
1.99918
1.99152
1.99001
2.00949
1.96375
2.00207
2.00446
1.9831
2.00672
2.00245
1.99843
2.01276
2.00698
1.96626
1.98938
1.99139
1.99843
1.97845
1.99303
1.99064
1.99956
2.00522
2.0027
1.98147
2.0076
1.99064
1.99014
1.99127
2.0027
1.99793
2.00245
1.99554
2.01577
2.00145
1.99604
1.9968
1.99881
1.99868
2.00672
1.98398
2.00258
1.98875
1.99629
2.00383
1.97807
1.99981
2.00396
1.99164
2.02595
1.99604
1.97166
1.99667
1.99856
2.00936
1.99026
1.97883
1.99265
1.9934
2.00911
1.99918
1.98398
1.99881
1.97543
1.99654
2.00785
1.98285
2.01225
2.01854
1.99567
1.988
1.99076
1.99227
2.00672
1.97807
1.97895
2.01426
2.00811
2.00647
2.01137
1.97795
2.01188
1.99642
1.99001
1.99252
2.00987
1.97832
2.01213
1.99479
1.98637
2.00308
1.97895
2.02168
2.03148
2.00559
2.011
2.01627
1.99378
1.98561
2.00346
2.00924
1.98988
1.97795
1.98888
1.9919
1.99805
1.97694
1.99215
2.01326
1.98071
2.00006
1.99944
2.00735
1.9924
2.00446
2.02293
1.99164
2.00522
2.00157
1.98901
1.99227
2.00132
1.98561
2.00672
2.00999
1.98825
2.0125
2.00873
2.00082
1.98159
1.98348
1.98021
2.02846
2.00484
1.99906
1.99215
2.00119
1.99252
1.9934
1.9885
1.99139
2.02356
1.99026
1.9934
1.97945
1.97104
2.02419
2.01539
2.01112
2.00698
2.01816
1.98913
1.9885
2.02319
2.00672
2.00044
1.99654
2.00295
2.0203
1.9836
2.0115
2.00157
1.99315
2.00974
2.02243
1.99391
2.00207
1.99956
1.99491
2.01841
2.01439
1.98825
1.99227
1.98297
1.9968
2.01062
2.01627
2.02557
2.01828
2.02193
1.96576
1.96664
1.99479
1.9978
1.99164
2.00534
2.03098
2.00911
2.00383
1.97682
1.99177
2.01565
1.98875
1.99868
2.00145
2.00836
2.00031
2.00987
1.97996
1.98725
2.00723
1.9983
2.00044
1.98599
2.00798
2.02306
1.99793
1.99604
2.03852
2.02231
2.02871
2.00069
1.99378
2.00031
1.96186
1.99931
1.97707
1.98662
2.01213
2.01326
1.99479
2.01866
1.97669
2.01502
2.00044
2.00031
1.99491
2.02193
2.00911
1.98737
1.97367
1.99089
1.99768
1.99089
2.01653
2.00421
1.99554
1.99416
1.99667
1.97468
1.98611
2.0066
1.99139
2.0115
2.02256
2.00698
2.0017
2.02218
1.99944
1.99742
1.99805
1.99755
1.99076
1.96312
2.00082
1.98498
1.99805
2.00321
2.00358
1.98712
2.01376
2.00672
2.02834
1.99642
2.02507
2.00421
2.02972
2.00308
1.99051
2.01137
1.98247
1.98134
1.99026
1.99227
2.00145
1.99365
2.02205
2.01125
2.00899
2.00811
2.00899
2.00019
2.01426
1.99667
2.01464
2.00207
2.00647
2.01175
2.02407
2.02545
2.00999
1.98762
1.99868
1.99441
1.98423
1.99127
1.98071
1.98813
1.98662
2.01049
2.01539
1.99403
1.99114
2.01087
1.99705
2.0262
2.01162
1.99416
1.98963
2.0208
1.9919
2.00421
2.02557
1.99391
1.99768
2.01477
1.99504
2.01439
2.02708
1.98473
2.00057
1.99956
2.00258
1.98498
1.98021
2.01439
2.0252
1.98561
2.01464
1.96877
1.99994
1.97858
1.99278
2.01464
2.00496
2.01602
1.98951
2.00358
2.01037
1.98385
2.0267
2.0213
1.98825
1.99742
1.9777
2.0066
1.99466
2.00685
1.9826
1.99428
1.99931
2.02067
1.98172
2.00735
1.9968
2.01627
2.01087
1.98586
1.9978
2.02205
1.98624
2.02168
2.00195
2.0159
1.99227
1.98046
1.98963
2.00333
1.99579
1.97166
2.01276
2.01389
2.00811
1.99466
2.0164
2.0203
1.96626
2.00383
1.99391
2.00421
2.02344
2.00371
2.00836
2.01351
1.99768
1.99541
1.99768
2.01678
1.99089
2.01426
2.01414
2.01967
2.00547
1.99202
2.00358
1.98498
1.96827
1.99956
2.0027
1.99567
1.99793
2.00245
1.98813
2.00371
2.00057
2.00584
1.98699
1.98963
1.99818
2.00434
2.01703
2.02432
1.97405
2.00069
2.00358
2.02055
1.98838
2.01263
1.99742
1.9733
2.01389
2.01087
2.00534
2.00811
1.99906
2.00346
2.012
1.97744
2.00321
2.02017
2.00961
2.0203
1.9919
1.99856
1.99051
1.99881
1.99177
2.01904
2.00622
1.99881
1.99956
1.99491
2.01891
2.01791
2.01703
2.00471
2.00496
2.00107
2.01464
2.02231
2.00434
2.00006
1.99768
2.00408
2.00635
1.97267
1.99164
1.98762
2.02733
1.9929
2.00873
2.03349
1.98184
1.98297
1.99303
2.00245
2.00836
1.97883
2.01854
1.99391
2.00446
2.00698
1.97631
2.01288
1.98976
2.01426
2.00207
2.00987
2.00823
2.00019
2.00522
1.99152
2.00597
1.97204
2.01464
1.99969
1.98297
2.0027
2.01967
2.00861
1.99918
2.01162
1.9836
2.00157
2.00534
1.99139
2.00836
1.99315
1.9929
2.01451
2.00157
2.0066
1.99391
1.97191
1.99742
2.00069
2.00572
1.98234
2.00195
2.01074
1.98988
1.99026
1.96287
2.00421
1.98976
2.00308
1.99617
1.9924
1.99742
1.99202
2.02256
1.99755
1.99516
2.00006
1.98172
1.98888
1.98561
1.99504
2.0208
1.99881
1.99994
2.00987
2.00873
1.99227
1.98737
1.98348
2.02092
2.00773
2.00082
1.99001
1.99504
1.97556
2.01426
2.01074
2.00233
2.00082
1.99504
2.01037
2.01288
2.01753
1.99328
2.00735
1.98586
1.99177
1.99944
1.9885
1.99843
1.98951
1.99441
1.98561
2.02407
1.99868
2.012
2.01602
1.99868
2.0027
2.012
1.9983
1.98624
2.00723
1.97543
1.98976
1.98423
2.00459
2.01125
1.99768
2.00911
2.00836
1.99428
1.99541
2.02507
1.98335
2.00559
1.98787
1.99164
2.01188
2.00119
1.99768
1.98787
2.012
2.00911
1.99994
2.00748
1.99227
2.00873
1.9973
1.97807
2.00295
1.9929
2.02218
2.01288
2.02859
2.01615
1.99328
1.9973
1.99479
1.99617
2.00685
2.00547
2.00672
2.0208
2.01414
1.99931
2.01024
2.00182
1.99416
2.01351
2.0169
1.99956
2.00911
2.02645
2.00082
2.01929
2.00308
2.02532
2.00107
2.00785
2.00622
2.00848
1.99202
2.0027
2.00031
1.98096
2.03336
2.02042
2.01175
1.96764
2.02218
2.0066
1.99654
1.99353
2.01037
1.99051
1.99881
2.00987
2.00207
2.00924
1.99064
1.99755
2.00082
2.01527
2.00233
2.00484
2.01753
1.99705
2.00924
1.98209
1.99278
2.00961
2.01552
2.02582
1.98335
1.99516
2.01225
2.01778
1.99114
1.99755
1.97531
2.00434
2.00094
2.01024
2.00547
1.99705
2.00911
1.98033
2.01263
2.00233
2.00848
1.99278
2.0061
2.01313
2.01816
1.99918
1.97945
2.00861
1.98398
1.97053
1.9983
2.00182
2.01992
1.99805
2.02859
1.99868
1.98448
1.99089
2.01753
1.96186
2.02092
2.00383
2.00672
1.99692
1.98725
1.98021
2.03223
2.00936
1.99893
1.9973
2.01162
1.99654
1.98348
2.00773
1.97455
1.9885
2.01364
1.99278
1.98486
2.00484
2.01753
1.98071
2.00534
1.99893
2.0017
1.98712
1.99202
1.9875
2.00522
2.00509
1.97845
2.00961
2.01502
2.00459
1.99139
1.98385
1.99453
2.00735
2.012
2.03248
2.00597
2.00245
1.99428
2.03475
2.00107
2.00949
2.01414
1.97732
1.99856
1.99089
2.02306
2.00911
1.99265
2.01276
1.97644
2.01502
1.97619
1.99856
2.02796
2.0027
2.00936
2.00145
2.00006
2.0203
2.00408
2.00672
2.01816
2.01351
1.99278
2.00547
2.0017
1.99642
2.01012
1.98511
1.98234
2.01276
2.00119
1.98913
2.00233
2.01401
2.00006
2.00936
1.97342
2.01225
1.99981
2.01891
1.9968
2.01062
2.00434
1.98121
1.99692
2.01552
1.99127
1.97556
2.01074
1.98335
2.0027
1.99818
1.99177
2.01828
1.97644
1.99164
1.98335
2.00145
1.98938
2.01137
1.97543
1.98988
2.00459
1.98297
2.00006
2.00321
2.0027
2.00886
2.01074
2.02809
2.01112
1.9983
1.99654
2.01565
1.9875
1.99918
2.00647
2.00622
2.00723
2.01753
2.02004
1.98033
2.01577
2.00471
1.99592
1.9885
2.03613
1.99969
2.00333
1.99604
1.99705
1.97631
1.98473
2.01653
2.00107
1.98008
2.00848
1.99579
1.99579
1.99491
2.00647
2.00446
1.99906
2.00082
2.00735
1.99969
1.98448
2.00069
2.00848
1.98825
2.01238
2.0017
1.97342
1.98234
1.99893
1.99001
2.02821
1.99076
1.99742
1.98611
2.0115
2.02394
2.00647
1.99453
1.99592
1.99868
1.98825
2.0061
1.98863
1.97996
2.01087
1.98687
1.98121
1.9885
2.01213
2.01426
2.03035
1.99428
2.0022
2.03035
1.99403
1.96852
2.00496
1.98297
2.00899
2.02809
2.01477
2.03613
1.99541
2.00371
1.99793
1.98134
2.0066
1.97053
1.99629
1.99064
2.00308
1.9934
1.98486
1.99303
1.98649
2.02708
1.99629
1.99278
1.99592
1.99629
2.00182
2.02733
2.00811
2.0061
1.99303
1.99365
2.00496
2.00584
1.99529
1.99918
2.00672
1.9919
2.00145
2.01301
1.99127
2.00145
1.99516
2.02143
1.96086
2.00421
2.00672
2.00685
1.99931
1.99491
2.03927
2.00534
2.012
1.98662
2.011
1.99994
1.98586
1.98662
1.98662
2.00283
1.99906
1.98988
1.98222
1.98787
2.03085
1.99604
1.97707
1.99868
1.98423
2.00785
1.9924
2.01477
2.00987
2.00484
1.9978
2.0066
1.97631
1.97367
2.00321
2.00157
2.02268
1.98021
1.99303
1.98913
2.00082
1.99353
2.02871
1.98348
1.98524
1.97895
1.99944
1.99416
1.99805
1.98863
1.99026
2.02306
2.03085
2.00836
1.9968
2.00785
2.00182
2.01979
1.99026
1.99567
1.98901
2.012
2.01527
2.01188
2.00572
2.0213
2.00069
1.99114
1.98398
2.00584
1.99252
1.98976
2.01288
2.02243
2.0066
2.01062
2.00371
1.99604
1.99466
1.99303
2.02092
1.99969
2.02118
1.99315
1.97292
2.00961
2.0076
2.00094
1.98649
1.9792
1.98951
1.99918
1.98674
1.99265
1.97656
2.01451
2.00547
2.00522
2.00396
1.99755
1.99805
2.01741
2.02319
1.99365
2.0169
2.02231
2.00471
1.99453
2.00949
2.00924
1.9875
1.99554
2.00195
2.00522
1.99918
1.98524
1.99441
1.99994
1.9787
2.01489
2.01288
2.00949
1.99315
2.00258
1.98385
2.01414
2.02143
1.98712
1.99617
2.00597
2.00471
1.99944
2.01439
1.98461
1.99504
2.02092
1.99215
2.0115
2.00899
1.99541
2.00635
2.01678
2.03852
1.99353
2.00861
1.98913
2.0159
2.03336
1.98737
1.99768
1.98574
1.98813
1.99805
1.99717
2.01426
1.98863
2.00949
1.99529
1.98951
2.00383
1.97455
1.99177
1.99064
1.98134
1.9973
1.98926
1.99654
1.99755
2.01313
2.01539
1.9968
2.02118
2.00321
1.99981
1.98838
2.02105
1.9826
1.99328
2.00459
2.00182
2.01439
2.02143
1.99152
1.99516
1.97795
1.99026
2.00207
2.00446
1.99805
1.98737
2.00698
2.00132
2.01828
1.9738
2.0071
1.98963
2.00421
2.01502
2.01766
1.98863
2.0022
1.9929
2.01439
2.00698
1.98787
2.00446
1.99114
1.99177
2.00873
1.98561
1.98586
1.97807
2.02231
1.97305
2.00044
2.00107
1.99265
1.9787
2.02432
2.00044
1.98674
1.98234
2.0066
1.99617
1.99529
1.99906
1.99843
1.98436
2.00785
1.98373
2.00886
1.99742
2.00647
1.9978
2.03676
1.99127
1.9826
1.99014
2.01288
1.99139
2.00647
1.97016
1.96752
2.0022
1.99453
1.99076
1.99755
1.99064
2.0027
1.99365
1.99944
2.00836
2.01238
1.98134
2.00547
1.9919
2.00195
2.01602
1.99906
1.98988
1.98335
1.99931
1.99692
2.00647
2.01326
1.98963
1.98134
1.98436
1.99567
1.98234
2.00496
1.99906
2.00936
1.99705
1.98813
2.00584
2.01112
2.01904
2.01389
1.99516
2.00635
1.99629
1.9777
1.96877
1.99453
1.99026
1.98825
1.99391
1.99089
1.98209
2.01414
1.99227
1.99428
2.00157
2.00157
1.99554
2.00961
1.99001
2.02784
1.9782
1.99554
1.99918
2.00157
2.00685
2.01276
2.01062
1.99026
2.01539
2.00057
2.0061
1.99692
1.99353
1.9841
1.9973
2.00785
2.00283
1.99303
1.98725
2.00157
2.02042
2.0071
2.00735
1.99956
1.99441
1.99278
2.00295
2.01213
2.03035
2.00119
1.99076
2.00408
1.98725
2.01741
2.01942
1.98662
2.00559
2.00911
2.02846
2.01012
1.98913
2.00987
2.01979
2.01602
2.00584
2.01137
1.99592
1.99441
2.00936
1.99856
1.98385
2.01037
2.00283
2.01313
2.00886
2.02871
2.01087
1.98888
1.99453
2.02645
1.98234
1.98109
1.99705
1.98536
2.01276
1.99592
2.0076
2.00911
1.97078
2.03299
1.99893
2.00057
2.02067
1.97443
1.99742
2.01112
1.9978
2.01024
1.99567
2.0061
2.02155
1.97895
1.98976
2.02834
1.98285
1.9777
2.01615
2.00434
1.99705
1.99215
1.99579
2.0022
2.00082
1.98285
2.00006
2.00584
1.99868
2.01414
2.02331
1.99868
1.98059
1.99969
2.02469
1.98875
1.99742
1.99303
2.00107
1.99516
1.98611
2.00999
2.02243
2.01074
1.99893
1.98498
2.00723
2.03311
1.99215
1.98976
1.98762
2.02055
2.01439
1.99466
2.00069
1.98172
2.01074
2.00057
1.99504
2.01753
1.99793
2.00647
1.98209
2.02608
1.98699
2.0066
1.98775
1.9836
1.96739
2.00496
1.99177
2.00748
2.00647
2.01464
2.01992
1.97217
1.97254
1.99541
2.00308
1.98574
1.99416
1.98637
1.98976
2.00547
1.99378
2.00408
2.01175
2.00245
2.01854
1.9826
2.00182
1.99479
2.00547
1.99931
2.00207
1.98373
2.00987
1.99717
1.9934
2.01024
2.01263
1.9826
1.99768
1.97757
1.98473
2.0022
2.00559
1.98913
2.01891
2.01012
2.00195
1.99278
2.01012
2.00283
1.99617
2.02118
2.00999
1.99705
1.99529
2.00207
1.99692
2.01024
2.00295
2.01162
2.01238
1.99064
1.9934
2.01338
2.00584
1.98737
1.97594
2.01665
1.98021
1.99076
1.99365
1.97619
2.00132
1.99491
1.99554
2.00207
1.98901
1.99906
2.01954
1.98524
1.9919
2.01276
1.9978
1.9875
1.9983
1.99076
2.0071
1.99956
1.97267
1.99428
1.98423
1.99667
2.01916
2.01753
1.98926
2.00006
2.0022
2.01175
1.9836
1.99906
1.98599
1.97669
2.00434
1.99441
2.01816
2.01891
1.99491
2.0203
1.99365
1.99918
1.99416
2.01615
2.02331
1.98084
2.01414
2.02582
2.00283
1.99868
1.99592
2.02784
2.0027
2.02758
1.99554
1.99969
1.99416
2.00924
2.01426
1.96953
1.9929
2.01238
2.01803
2.00961
2.01753
2.00723
2.0257
1.99931
2.00961
1.9919
2.01074
1.99918
2.01527
1.99529
2.00496
1.98536
1.99039
2.00861
2.01024
1.99541
1.99541
1.98787
2.01074
1.99529
2.0125
1.99152
1.99491
2.01263
1.97393
1.98938
1.98536
2.00823
2.00245
2.00647
1.99642
1.99177
1.9983
2.02557
2.01741
2.00773
1.99152
1.98385
1.99793
1.99529
2.00924
2.00811
2.01665
1.99654
1.99893
1.98159
2.01502
2.00434
1.99102
2.00383
1.98486
1.99981
1.98637
2.02055
2.00496
2.01527
2.01175
1.98486
1.98963
1.98574
1.99139
1.99956
1.98448
1.9875
1.98096
1.98046
1.98084
1.99742
1.99215
1.99428
1.98825
1.98938
1.9836
1.99906
2.00886
1.99642
1.98699
1.99391
1.99717
2.00119
1.98888
2.00446
2.00157
1.99378
1.99944
2.01577
2.01703
2.00383
1.97053
1.99843
1.97832
2.00069
1.99906
1.98549
2.02746
1.97682
1.99956
1.99466
2.00974
1.97104
2.03186
1.99793
2.01489
1.98348
2.00145
2.01338
2.00346
2.01389
2.00107
1.99014
2.01489
2.00295
1.9875
1.99391
1.97845
2.00848
2.01037
1.99906
2.01741
2.0061
2.00233
2.00006
2.01552
2.00006
2.00622
2.00295
2.01979
2.01979
2.01112
2.0164
2.00911
2.00861
2.00836
2.00107
1.99491
2.01074
2.0022
2.02507
2.01489
1.99252
2.00383
2.00534
1.98436
1.9973
1.99152
1.98498
1.97795
1.98209
1.99604
1.99064
2.00911
1.97732
1.9934
2.02155
2.00157
2.01477
1.99567
2.01954
2.00685
1.98976
1.99252
2.01954
1.98511
2.00584
2.01175
1.99554
1.99944
1.98863
1.97795
2.02268
1.95696
1.98473
1.99717
2.00534
2.00031
1.97129
1.99051
1.99579
1.98624
2.00107
2.03613
1.99428
1.98448
1.99164
1.98574
1.98825
1.99768
2.00698
2.02771
1.99818
2.00421
2.00974
1.97732
1.98963
2.01828
2.01351
1.99768
1.98322
1.97141
2.00119
2.01678
2.00936
1.99001
1.99278
1.99956
1.98863
1.99177
2.01665
1.99466
2.00873
2.01024
2.00622
1.99567
2.0061
2.00233
1.98951
2.00873
1.97543
1.9841
1.99981
1.99818
2.00258
2.01087
2.00471
2.02997
2.00233
1.99076
1.99768
1.99717
1.98712
1.99617
2.03374
1.9919
1.9929
2.02419
2.00459
2.00861
1.9983
2.01175
1.99466
1.99001
1.99529
1.97807
1.97996
1.9978
2.0027
2.00233
2.00484
1.97945
2.01967
1.97996
2.00484
2.02419
1.99064
1.98536
2.01992
2.00647
1.99479
1.99893
2.00321
2.00132
1.98498
2.0017
1.9973
2.00622
2.01162
1.99617
2.00057
1.98335
2.00584
1.98234
2.01703
2.00496
1.98913
2.02507
1.99365
2.00848
2.01753
1.9831
1.9885
2.00182
1.99642
1.99818
1.9968
1.99529
2.01979
1.98159
1.9978
1.98348
1.99177
2.01665
1.98549
2.00182
1.99667
2.01049
2.01828
2.01364
1.99918
1.99479
2.0061
2.03437
1.99026
1.99969
2.00094
1.99881
2.00308
1.98423
2.0115
1.99742
1.98649
1.99303
2.0061
2.02168
1.98297
2.00848
2.02407
1.98373
1.99328
2.02356
2.01037
1.99139
2.00346
2.01979
2.00258
1.98699
1.99755
1.98951
2.01414
1.99805
1.99504
1.98423
1.9968
1.99428
2.0027
1.98687
2.00346
1.99051
1.99705
1.99969
1.99592
2.01326
2.00785
1.99667
1.98875
1.9968
1.99592
2.00924
1.9973
1.99617
2.00534
2.0159
2.00233
2.01351
1.99378
2.00886
2.00358
2.00484
2.00886
1.98875
1.99918
2.01565
2.00798
2.02457
2.01967
1.97707
2.00484
1.99391
2.01112
1.98574
2.00044
2.00559
2.01037
2.00434
2.00207
1.9836
2.00031
1.98498
2.00961
2.00094
1.99453
2.01213
2.02155
1.98046
1.99202
2.00999
1.99893
2.00785
1.99554
1.99014
2.01225
1.95131
2.00886
2.01175
1.98536
2.00597
2.00597
2.01678
2.0027
2.00031
1.99793
1.98901
2.00811
1.9919
2.01451
2.00999
2.01074
1.99114
2.01552
1.99064
2.01828
2.00823
1.99227
2.00358
2.00044
2.01426
1.99039
2.00044
2.01162
2.00823
1.99516
2.02432
2.00974
1.99328
2.00848
2.01074
2.02595
1.97468
2.00195
1.96412
1.99441
2.01426
2.00383
1.99215
1.99139
2.01263
2.01213
2.00635
1.98662
2.04417
1.98197
1.99303
2.01967
1.98725
2.01828
2.00685
1.99227
1.98963
2.0115
1.99466
1.97166
2.02067
1.98863
2.01301
2.01942
2.00911
2.00207
2.00597
1.99278
1.98436
2.0017
2.0061
1.99843
2.01514
1.9973
2.00848
1.99529
2.00924
1.99755
2.00434
1.99692
1.98888
2.00484
1.9885
1.99265
1.99127
1.97656
2.01552
2.00119
1.98008
1.96676
1.98021
2.01703
2.00308
2.01351
2.0022
2.00547
2.00873
2.0213
2.00522
2.01514
2.03022
1.99541
1.99529
2.00559
2.00321
1.99139
2.00534
1.99981
1.99931
1.98448
2.036
2.00358
2.01037
2.00233
2.02168
1.98398
2.00936
2.00823
2.00936
2.00911
2.00207
1.98046
1.99039
1.96852
2.02696
2.00987
2.00936
1.99504
2.01954
2.00358
1.98209
1.97694
2.00836
1.99227
1.99365
2.0066
2.00321
1.98838
1.98624
1.99227
2.01351
2.01024
2.01351
1.95432
1.9934
2.01439
2.0218
2.00698
1.98184
1.98926
2.00145
1.99227
2.02356
1.99692
1.9929
1.9968
1.99252
1.9919
2.00408
2.00735
2.02017
2.04078
1.99617
1.98423
2.03512
2.0125
2.01175
1.99303
2.00999
2.01653
2.03575
1.98637
1.99956
2.01012
1.97694
1.99089
1.99453
1.99843
2.00685
2.02897
2.00371
1.99529
1.9983
1.9924
1.99001
2.01313
1.99014
2.00107
1.97506
2.00245
1.98322
2.02696
2.00182
1.95696
2.00283
1.99944
2.00848
1.98184
1.98134
2.0115
1.97242
2.00346
2.0022
1.99768
1.99856
1.99265
2.02381
2.01728
1.99127
1.99466
1.99102
1.98938
2.01502
2.02444
2.00559
1.99177
2.01753
2.01263
2.00936
2.02256
2.01954
2.00333
2.02595
1.99717
1.97594
1.99742
1.99039
2.00132
2.01012
1.99504
2.02155
2.00886
2.00383
2.00597
2.01276
2.02256
2.0169
1.98486
2.00207
2.00836
1.98172
1.98637
2.02394
2.00484
2.00371
2.00936
2.00421
2.00459
2.01565
2.01313
1.98649
1.99441
2.00245
1.97116
1.99793
1.99089
2.01288
2.00534
1.97682
1.99378
2.02507
2.00471
2.01527
1.99994
2.01414
2.02557
2.01238
2.01112
2.02909
2.01879
1.98938
1.99365
2.00333
2.01439
1.9836
1.99541
1.99026
2.00044
1.99504
1.99994
2.01854
2.00119
1.99742
2.00509
1.99579
2.00094
2.00886
2.01037
1.98674
2.02105
1.98976
2.02143
2.00584
2.00987
1.99881
2.00509
1.98951
1.99843
2.02067
2.01828
1.99768
2.00685
2.01351
2.01137
1.98448
1.9885
2.00836
2.00396
2.00333
2.01225
1.99365
1.9983
1.99868
2.00811
2.02105
2.00333
2.01074
2.00408
2.00207
2.01225
2.01527
2.03638
2.01188
1.99202
1.99064
2.01703
2.01816
1.99818
1.98662
2.00836
2.01338
1.99856
1.97619
1.98963
2.00358
2.0017
2.00509
2.00371
1.99654
2.01024
2.0076
1.99227
2.00647
2.0115
2.00421
2.00798
1.99805
2.01703
2.02758
1.99969
2.01238
1.99768
1.99378
1.99102
1.99654
2.00522
2.01364
1.99491
2.011
2.03223
1.98687
1.99692
1.99516
2.03625
2.01791
1.99981
1.98172
1.9973
1.98825
1.9934
2.00471
2.00145
1.98524
2.0027
2.01703
1.99164
1.9841
1.99868
2.0159
2.00245
1.99202
2.00836
2.00132
2.02985
2.01577
1.98687
2.00069
1.98787
1.98901
1.99805
2.01816
2.00371
2.00886
2.01137
2.00811
1.9929
1.99843
2.00321
1.97493
1.99089
1.99516
1.99931
1.98322
1.98234
2.00283
1.99039
2.01188
1.99001
1.9875
1.99391
2.01364
2.01954
2.00823
1.9699
1.99516
2.02909
1.99893
2.01238
1.99944
1.99064
1.98109
1.99303
2.01401
1.97945
1.99278
1.98096
2.00333
1.99818
2.01565
1.99202
2.00019
2.00295
2.00572
2.0125
2.00496
1.99567
2.00559
2.01741
2.00911
2.01074
2.01137
1.98951
1.99944
2.00245
1.96953
2.00371
1.99466
2.00396
1.9968
1.9826
1.99969
1.99642
1.99152
2.03022
1.99818
1.98762
1.9983
1.99969
2.00383
1.98624
1.99818
2.0017
1.98637
2.00019
1.99931
1.99541
2.00408
1.99654
1.97543
2.00735
2.03751
2.01803
2.01489
1.97694
1.98574
1.98674
2.00358
2.0169
1.99692
1.99818
2.01263
2.03713
1.98988
2.01225
1.99981
2.00798
1.98285
1.9929
1.98448
1.99931
1.98787
2.01238
2.00961
1.99378
2.00572
2.00924
2.00685
2.01074
2.012
2.00132
1.99981
1.98247
2.01803
2.00245
1.99969
1.9978
2.02469
1.97342
2.01539
2.00811
1.99215
2.00685
1.9841
1.99529
2.00509
1.99629
2.01891
2.00145
1.9973
2.01891
2.02356
2.00484
1.99353
1.99378
2.01225
2.02004
1.99428
1.97179
2.0061
2.00873
2.01627
1.98963
1.99981
1.99981
1.99856
1.98599
1.99026
1.99453
2.00484
2.02243
1.9738
2.00396
2.00044
1.9919
2.01389
2.00798
1.99981
2.00999
1.99114
1.9836
1.99567
2.01439
1.98536
1.99541
1.97744
1.99654
2.03085
1.99278
2.00811
1.97795
1.9929
2.02369
2.00383
2.02256
1.99164
1.99604
1.99202
2.00735
2.01577
1.99843
1.99893
1.99579
1.99391
1.98725
2.00107
2.00245
2.01615
1.98511
2.00635
2.00785
1.9919
2.00572
1.98486
